1 1 1 2
1 1 1 3
1 2 1 3
1 2 1 4
1 3 1 4
1 3 1 5
1 4 1 5
1 4 1 6
1 5 1 6
1 5 1 7
1 6 1 7
1 6 1 8
1 7 1 8
1 7 1 9
1 8 1 9
1 8 1 10
1 9 1 10
1 9 1 11
1 10 1 11
1 10 1 12
1 11 1 12
1 11 1 13
1 12 1 13
1 12 1 14
1 13 1 14
1 13 1 15
1 14 1 15
1 14 1 16
1 15 1 16
1 15 1 17
1 16 1 17
1 16 1 18
1 17 1 18
1 17 1 19
1 18 1 19
1 18 1 20
1 19 1 20
1 19 1 21
1 20 1 21
1 20 1 22
1 21 1 22
1 21 1 23
1 22 1 23
1 22 1 24
1 23 1 24
1 23 1 25
1 24 1 25
1 24 1 26
1 25 1 26
1 25 1 27
1 26 1 27
1 26 1 28
1 27 1 28
1 27 1 29
1 28 1 29
1 28 1 30
1 29 1 30
1 29 1 31
1 30 1 31
1 30 1 32
1 31 1 32
1 31 1 33
1 32 1 33
1 32 1 34
1 33 1 34
1 33 1 35
1 34 1 35
1 34 1 36
1 34 1 37
1 35 1 36
1 35 1 37
1 35 1 38
1 36 1 37
1 36 1 38
1 36 1 39
1 37 1 38
1 37 1 39
1 37 1 40
1 38 1 39
1 38 1 40
1 38 1 41
1 39 1 40
1 39 1 41
1 39 1 42
1 39 1 43
1 40 1 41
1 40 1 42
1 40 1 43
1 40 1 44
1 40 1 102
1 41 1 42
1 41 1 43
1 41 1 44
1 41 1 45
1 41 1 128
1 41 1 131
1 42 1 43
1 42 1 44
1 42 1 45
1 42 1 46
1 43 1 44
1 43 1 45
1 43 1 46
1 43 1 47
1 44 1 45
1 44 1 46
1 44 1 47
1 44 1 48
1 44 1 106
1 44 1 132
1 45 1 46
1 45 1 47
1 45 1 48
1 45 1 49
1 45 1 131
1 45 1 132
1 45 1 135
1 46 1 47
1 46 1 48
1 46 1 49
1 46 1 50
1 46 1 135
1 47 1 48
1 47 1 49
1 47 1 50
1 47 1 51
1 48 1 49
1 48 1 50
1 48 1 51
1 48 1 52
1 48 1 106
1 48 1 132
1 48 1 135
1 48 1 136
1 49 1 50
1 49 1 51
1 49 1 52
1 49 1 53
1 49 1 135
1 49 1 136
1 49 1 138
1 49 1 139
1 50 1 51
1 50 1 52
1 50 1 53
1 50 1 54
1 50 1 139
1 51 1 52
1 51 1 53
1 51 1 54
1 51 1 55
1 51 1 90
1 52 1 53
1 52 1 54
1 52 1 55
1 52 1 56
1 52 1 136
1 52 1 139
1 52 1 140
1 53 1 54
1 53 1 55
1 53 1 56
1 53 1 57
1 53 1 139
1 53 1 140
1 53 1 143
1 54 1 55
1 54 1 56
1 54 1 57
1 54 1 58
1 55 1 56
1 55 1 57
1 55 1 58
1 55 1 59
1 56 1 57
1 56 1 58
1 56 1 59
1 56 1 60
1 57 1 58
1 57 1 59
1 57 1 60
1 57 1 61
1 58 1 59
1 58 1 60
1 58 1 61
1 58 1 62
1 58 1 788
1 59 1 60
1 59 1 61
1 59 1 62
1 59 1 63
1 60 1 61
1 60 1 62
1 60 1 63
1 60 1 64
1 61 1 62
1 61 1 63
1 61 1 64
1 61 1 65
1 62 1 63
1 62 1 64
1 62 1 65
1 63 1 64
1 63 1 65
1 63 1 66
1 64 1 65
1 64 1 66
1 64 1 67
1 65 1 66
1 65 1 67
1 66 1 67
1 66 1 68
1 67 1 68
1 67 1 69
1 68 1 69
1 68 1 70
1 69 1 70
1 69 1 71
1 70 1 71
1 70 1 72
1 71 1 72
1 71 1 73
1 72 1 73
1 72 1 74
1 73 1 74
1 73 1 75
1 74 1 75
1 74 1 76
1 75 1 76
1 75 1 77
1 76 1 77
1 76 1 78
1 77 1 78
1 77 1 79
1 78 1 79
1 78 1 80
1 78 1 82
1 79 1 80
1 79 1 81
1 79 1 82
1 79 1 83
1 79 1 361
1 80 1 81
1 80 1 82
1 80 1 83
1 80 1 84
1 80 1 363
1 81 1 82
1 81 1 83
1 81 1 84
1 81 1 85
1 82 1 83
1 82 1 84
1 82 1 85
1 82 1 86
1 83 1 84
1 83 1 85
1 83 1 86
1 83 1 87
1 84 1 85
1 84 1 86
1 84 1 87
1 84 1 88
1 84 1 213
1 84 1 216
1 84 1 217
1 85 1 86
1 85 1 87
1 85 1 88
1 85 1 89
1 85 1 213
1 86 1 87
1 86 1 88
1 86 1 89
1 86 1 90
1 87 1 88
1 87 1 89
1 87 1 90
1 87 1 91
1 87 1 212
1 87 1 213
1 88 1 89
1 88 1 90
1 88 1 91
1 88 1 92
1 88 1 209
1 88 1 210
1 88 1 212
1 88 1 213
1 89 1 90
1 89 1 91
1 89 1 92
1 89 1 93
1 89 1 209
1 90 1 91
1 90 1 92
1 90 1 93
1 90 1 94
1 91 1 92
1 91 1 93
1 91 1 94
1 91 1 95
1 91 1 209
1 92 1 93
1 92 1 94
1 92 1 95
1 92 1 96
1 92 1 205
1 92 1 206
1 92 1 209
1 93 1 94
1 93 1 95
1 93 1 96
1 93 1 97
1 93 1 777
1 94 1 95
1 94 1 96
1 94 1 97
1 94 1 98
1 95 1 96
1 95 1 97
1 95 1 98
1 95 1 99
1 96 1 97
1 96 1 98
1 96 1 99
1 97 1 98
1 97 1 99
1 97 1 757
1 98 1 99
1 98 1 100
1 98 1 101
1 99 1 100
1 99 1 101
1 99 1 102
1 99 1 103
1 100 1 101
1 100 1 102
1 101 1 102
1 101 1 103
1 101 1 841
1 102 1 103
1 102 1 104
1 103 1 104
1 103 1 105
1 104 1 105
1 104 1 106
1 105 1 106
1 105 1 107
1 105 1 111
1 106 1 107
1 106 1 108
1 106 1 132
1 107 1 108
1 107 1 109
1 107 1 110
1 107 1 111
1 107 1 132
1 107 1 228
1 107 1 229
1 107 1 230
1 108 1 109
1 108 1 110
1 108 1 111
1 108 1 112
1 108 1 129
1 108 1 228
1 108 1 229
1 109 1 110
1 109 1 111
1 109 1 112
1 109 1 113
1 109 1 228
1 109 1 229
1 109 1 255
1 109 1 256
1 109 1 259
1 110 1 111
1 110 1 112
1 110 1 113
1 110 1 114
1 110 1 182
1 110 1 259
1 111 1 112
1 111 1 113
1 111 1 114
1 111 1 115
1 111 1 125
1 112 1 113
1 112 1 114
1 112 1 115
1 112 1 116
1 113 1 114
1 113 1 115
1 113 1 116
1 113 1 117
1 113 1 259
1 113 1 260
1 113 1 263
1 114 1 115
1 114 1 116
1 114 1 117
1 114 1 118
1 114 1 119
1 114 1 120
1 115 1 116
1 115 1 117
1 115 1 118
1 115 1 119
1 115 1 120
1 115 1 121
1 116 1 117
1 116 1 118
1 117 1 118
1 117 1 119
1 117 1 263
1 118 1 119
1 118 1 120
1 119 1 120
1 119 1 121
1 120 1 121
1 120 1 122
1 120 1 125
1 121 1 122
1 121 1 123
1 121 1 124
1 121 1 125
1 122 1 123
1 122 1 124
1 122 1 125
1 123 1 124
1 123 1 125
1 123 1 126
1 124 1 125
1 124 1 126
1 124 1 127
1 124 1 128
1 125 1 126
1 125 1 127
1 125 1 128
1 125 1 129
1 126 1 127
1 126 1 128
1 126 1 129
1 126 1 130
1 127 1 128
1 127 1 129
1 127 1 130
1 127 1 131
1 128 1 129
1 128 1 130
1 128 1 131
1 128 1 132
1 129 1 130
1 129 1 131
1 129 1 132
1 129 1 133
1 130 1 131
1 130 1 132
1 130 1 133
1 130 1 134
1 131 1 132
1 131 1 133
1 131 1 134
1 131 1 135
1 132 1 133
1 132 1 134
1 132 1 135
1 132 1 136
1 132 1 230
1 133 1 134
1 133 1 135
1 133 1 136
1 133 1 137
1 133 1 230
1 134 1 135
1 134 1 136
1 134 1 137
1 134 1 138
1 135 1 136
1 135 1 137
1 135 1 138
1 135 1 139
1 136 1 137
1 136 1 138
1 136 1 139
1 136 1 140
1 136 1 230
1 136 1 231
1 136 1 234
1 137 1 138
1 137 1 139
1 137 1 140
1 137 1 141
1 137 1 234
1 138 1 139
1 138 1 140
1 138 1 141
1 138 1 142
1 139 1 140
1 139 1 141
1 139 1 142
1 139 1 143
1 140 1 141
1 140 1 142
1 140 1 143
1 140 1 144
1 140 1 235
1 141 1 142
1 141 1 143
1 141 1 144
1 141 1 145
1 142 1 143
1 142 1 144
1 142 1 145
1 143 1 144
1 143 1 145
1 143 1 146
1 144 1 145
1 144 1 146
1 144 1 147
1 144 1 148
1 144 1 151
1 145 1 146
1 145 1 147
1 145 1 148
1 146 1 147
1 146 1 148
1 147 1 148
1 147 1 149
1 147 1 150
1 148 1 149
1 148 1 150
1 149 1 150
1 149 1 151
1 150 1 151
1 150 1 152
1 150 1 153
1 150 1 154
1 151 1 152
1 151 1 153
1 151 1 154
1 152 1 153
1 152 1 154
1 153 1 154
1 153 1 155
1 154 1 155
1 154 1 156
1 155 1 156
1 155 1 157
1 156 1 157
1 156 1 158
1 157 1 158
1 157 1 159
1 158 1 159
1 158 1 160
1 159 1 160
1 159 1 161
1 160 1 161
1 160 1 162
1 161 1 162
1 161 1 163
1 162 1 163
1 162 1 164
1 163 1 164
1 163 1 165
1 164 1 165
1 164 1 166
1 165 1 166
1 165 1 167
1 166 1 167
1 166 1 168
1 166 1 169
1 166 1 170
1 167 1 168
1 167 1 169
1 167 1 170
1 167 1 171
1 168 1 169
1 168 1 170
1 168 1 171
1 168 1 172
1 169 1 170
1 169 1 171
1 169 1 172
1 170 1 171
1 170 1 172
1 170 1 173
1 171 1 172
1 171 1 173
1 171 1 174
1 171 1 175
1 171 1 250
1 171 1 254
1 172 1 173
1 172 1 174
1 172 1 175
1 172 1 176
1 173 1 174
1 173 1 175
1 173 1 176
1 173 1 177
1 174 1 175
1 174 1 176
1 174 1 177
1 174 1 178
1 174 1 226
1 174 1 227
1 174 1 254
1 174 1 255
1 175 1 176
1 175 1 177
1 175 1 178
1 175 1 179
1 175 1 254
1 175 1 255
1 175 1 257
1 175 1 258
1 176 1 177
1 176 1 178
1 176 1 179
1 176 1 180
1 176 1 258
1 177 1 178
1 177 1 179
1 177 1 180
1 177 1 181
1 177 1 215
1 178 1 179
1 178 1 180
1 178 1 181
1 178 1 182
1 178 1 227
1 178 1 255
1 178 1 258
1 178 1 259
1 179 1 180
1 179 1 181
1 179 1 182
1 179 1 183
1 179 1 258
1 179 1 259
1 179 1 262
1 180 1 181
1 180 1 182
1 180 1 183
1 180 1 184
1 181 1 182
1 181 1 183
1 181 1 184
1 181 1 185
1 181 1 211
1 181 1 212
1 182 1 183
1 182 1 184
1 182 1 185
1 182 1 186
1 182 1 259
1 182 1 262
1 183 1 184
1 183 1 185
1 183 1 186
1 183 1 187
1 183 1 262
1 184 1 185
1 184 1 186
1 184 1 187
1 184 1 188
1 184 1 208
1 185 1 186
1 185 1 187
1 185 1 188
1 185 1 189
1 185 1 208
1 186 1 187
1 186 1 188
1 186 1 189
1 187 1 188
1 187 1 189
1 187 1 382
1 188 1 189
1 188 1 190
1 189 1 190
1 189 1 191
1 190 1 191
1 190 1 192
1 191 1 192
1 191 1 193
1 192 1 193
1 192 1 194
1 193 1 194
1 193 1 195
1 194 1 195
1 194 1 196
1 195 1 196
1 195 1 197
1 196 1 197
1 196 1 198
1 197 1 198
1 197 1 199
1 198 1 199
1 198 1 200
1 199 1 200
1 199 1 201
1 200 1 201
1 200 1 202
1 201 1 202
1 201 1 203
1 202 1 203
1 202 1 204
1 203 1 204
1 203 1 205
1 204 1 205
1 204 1 206
1 204 1 207
1 205 1 206
1 205 1 207
1 205 1 208
1 205 1 209
1 206 1 207
1 206 1 208
1 206 1 209
1 206 1 210
1 207 1 208
1 207 1 209
1 207 1 210
1 207 1 211
1 207 1 378
1 208 1 209
1 208 1 210
1 208 1 211
1 208 1 212
1 209 1 210
1 209 1 211
1 209 1 212
1 209 1 213
1 210 1 211
1 210 1 212
1 210 1 213
1 210 1 214
1 211 1 212
1 211 1 213
1 211 1 214
1 211 1 215
1 212 1 213
1 212 1 214
1 212 1 215
1 212 1 216
1 213 1 214
1 213 1 215
1 213 1 216
1 213 1 217
1 214 1 215
1 214 1 216
1 214 1 217
1 214 1 218
1 214 1 371
1 215 1 216
1 215 1 217
1 215 1 218
1 215 1 219
1 216 1 217
1 216 1 218
1 216 1 219
1 216 1 220
1 216 1 225
1 217 1 218
1 217 1 219
1 217 1 220
1 218 1 219
1 218 1 220
1 218 1 339
1 218 1 343
1 219 1 220
1 219 1 221
1 219 1 222
1 220 1 221
1 220 1 222
1 220 1 223
1 220 1 224
1 220 1 225
1 221 1 222
1 221 1 223
1 222 1 223
1 222 1 224
1 223 1 224
1 223 1 225
1 224 1 225
1 224 1 226
1 225 1 226
1 225 1 227
1 226 1 227
1 226 1 228
1 226 1 251
1 227 1 228
1 227 1 229
1 227 1 255
1 228 1 229
1 228 1 230
1 228 1 231
1 229 1 230
1 229 1 231
1 229 1 232
1 229 1 233
1 229 1 251
1 229 1 252
1 230 1 231
1 230 1 232
1 230 1 233
1 230 1 234
1 231 1 232
1 231 1 233
1 231 1 234
1 231 1 235
1 232 1 233
1 232 1 234
1 232 1 235
1 232 1 236
1 232 1 251
1 233 1 234
1 233 1 235
1 233 1 236
1 233 1 237
1 234 1 235
1 234 1 236
1 234 1 237
1 234 1 238
1 235 1 236
1 235 1 237
1 235 1 238
1 235 1 239
1 236 1 237
1 236 1 238
1 236 1 239
1 236 1 240
1 236 1 244
1 237 1 238
1 237 1 239
1 237 1 240
1 238 1 239
1 238 1 240
1 239 1 240
1 239 1 241
1 240 1 241
1 240 1 242
1 241 1 242
1 241 1 243
1 242 1 243
1 242 1 244
1 242 1 245
1 243 1 244
1 243 1 245
1 244 1 245
1 244 1 246
1 244 1 247
1 245 1 246
1 245 1 247
1 245 1 248
1 246 1 247
1 246 1 248
1 247 1 248
1 247 1 249
1 247 1 250
1 248 1 249
1 248 1 250
1 248 1 251
1 248 1 252
1 249 1 250
1 249 1 251
1 249 1 252
1 249 1 253
1 250 1 251
1 250 1 252
1 250 1 253
1 250 1 254
1 251 1 252
1 251 1 253
1 251 1 254
1 251 1 255
1 252 1 253
1 252 1 254
1 252 1 255
1 253 1 254
1 253 1 255
1 253 1 256
1 253 1 257
1 254 1 255
1 254 1 256
1 254 1 257
1 254 1 258
1 255 1 256
1 255 1 257
1 255 1 258
1 255 1 259
1 256 1 257
1 256 1 258
1 256 1 259
1 256 1 260
1 257 1 258
1 257 1 259
1 257 1 260
1 257 1 261
1 258 1 259
1 258 1 260
1 258 1 261
1 258 1 262
1 259 1 260
1 259 1 261
1 259 1 262
1 259 1 263
1 260 1 261
1 260 1 262
1 260 1 263
1 260 1 264
1 261 1 262
1 261 1 263
1 261 1 264
1 261 1 265
1 262 1 263
1 262 1 264
1 262 1 265
1 262 1 266
1 263 1 264
1 263 1 265
1 263 1 266
1 263 1 267
1 264 1 265
1 264 1 266
1 264 1 267
1 265 1 266
1 265 1 267
1 265 1 268
1 266 1 267
1 266 1 268
1 266 1 269
1 267 1 268
1 267 1 269
1 268 1 269
1 268 1 270
1 269 1 270
1 269 1 271
1 270 1 271
1 270 1 272
1 271 1 272
1 271 1 273
1 272 1 273
1 272 1 274
1 273 1 274
1 273 1 275
1 274 1 275
1 274 1 276
1 275 1 276
1 275 1 277
1 276 1 277
1 276 1 278
1 277 1 278
1 277 1 279
1 278 1 279
1 278 1 280
1 279 1 280
1 279 1 281
1 280 1 281
1 280 1 282
1 281 1 282
1 281 1 283
1 282 1 283
1 282 1 284
1 283 1 284
1 283 1 285
1 284 1 285
1 286 1 287
1 286 1 288
1 287 1 288
1 287 1 289
1 288 1 289
1 288 1 290
1 289 1 290
1 289 1 291
1 290 1 291
1 290 1 292
1 290 1 293
1 291 1 292
1 291 1 293
1 291 1 294
1 292 1 293
1 292 1 294
1 292 1 295
1 293 1 294
1 293 1 295
1 294 1 295
1 294 1 296
1 295 1 296
1 295 1 297
1 296 1 297
1 296 1 298
1 297 1 298
1 297 1 299
1 298 1 299
1 298 1 300
1 299 1 300
1 299 1 301
1 300 1 301
1 300 1 302
1 301 1 302
1 301 1 303
1 302 1 303
1 302 1 304
1 303 1 304
1 303 1 305
1 304 1 305
1 304 1 306
1 305 1 306
1 305 1 307
1 306 1 307
1 306 1 308
1 307 1 308
1 307 1 309
1 308 1 309
1 308 1 310
1 309 1 310
1 309 1 311
1 310 1 311
1 310 1 312
1 311 1 312
1 311 1 313
1 312 1 313
1 312 1 314
1 313 1 314
1 313 1 315
1 314 1 315
1 314 1 316
1 315 1 316
1 315 1 317
1 316 1 317
1 316 1 318
1 317 1 318
1 317 1 319
1 318 1 319
1 318 1 320
1 318 1 321
1 318 1 322
1 319 1 320
1 319 1 321
1 319 1 322
1 320 1 321
1 320 1 322
1 321 1 322
1 321 1 323
1 321 1 324
1 321 1 325
1 322 1 323
1 322 1 324
1 322 1 325
1 322 1 326
1 323 1 324
1 323 1 325
1 323 1 326
1 323 1 327
1 324 1 325
1 324 1 326
1 324 1 327
1 325 1 326
1 325 1 327
1 325 1 328
1 325 1 386
1 325 1 387
1 326 1 327
1 326 1 328
1 326 1 329
1 326 1 330
1 326 1 413
1 326 1 416
1 327 1 328
1 327 1 329
1 327 1 330
1 327 1 331
1 328 1 329
1 328 1 330
1 328 1 331
1 328 1 332
1 329 1 330
1 329 1 331
1 329 1 332
1 329 1 333
1 329 1 391
1 329 1 417
1 330 1 331
1 330 1 332
1 330 1 333
1 330 1 334
1 330 1 416
1 330 1 417
1 330 1 420
1 331 1 332
1 331 1 333
1 331 1 334
1 331 1 335
1 331 1 420
1 332 1 333
1 332 1 334
1 332 1 335
1 332 1 336
1 332 1 379
1 333 1 334
1 333 1 335
1 333 1 336
1 333 1 337
1 333 1 391
1 333 1 417
1 333 1 420
1 333 1 421
1 334 1 335
1 334 1 336
1 334 1 337
1 334 1 338
1 334 1 420
1 334 1 421
1 334 1 423
1 334 1 424
1 335 1 336
1 335 1 337
1 335 1 338
1 335 1 339
1 335 1 424
1 336 1 337
1 336 1 338
1 336 1 339
1 336 1 340
1 336 1 375
1 337 1 338
1 337 1 339
1 337 1 340
1 337 1 341
1 337 1 421
1 337 1 424
1 337 1 425
1 338 1 339
1 338 1 340
1 338 1 341
1 338 1 342
1 338 1 424
1 338 1 425
1 338 1 428
1 339 1 340
1 339 1 341
1 339 1 342
1 339 1 343
1 340 1 341
1 340 1 342
1 340 1 343
1 340 1 344
1 340 1 372
1 341 1 342
1 341 1 343
1 341 1 344
1 341 1 345
1 342 1 343
1 342 1 344
1 342 1 345
1 342 1 346
1 343 1 344
1 343 1 345
1 343 1 346
1 343 1 347
1 344 1 345
1 344 1 346
1 344 1 347
1 344 1 348
1 345 1 346
1 345 1 347
1 345 1 348
1 346 1 347
1 346 1 348
1 346 1 349
1 347 1 348
1 347 1 349
1 347 1 350
1 347 1 363
1 348 1 349
1 348 1 350
1 348 1 351
1 349 1 350
1 349 1 351
1 349 1 352
1 350 1 351
1 350 1 352
1 351 1 352
1 351 1 353
1 352 1 353
1 352 1 354
1 352 1 355
1 353 1 354
1 353 1 355
1 354 1 355
1 354 1 356
1 355 1 356
1 355 1 357
1 356 1 357
1 356 1 358
1 357 1 358
1 357 1 359
1 358 1 359
1 358 1 360
1 359 1 360
1 359 1 361
1 360 1 361
1 360 1 362
1 361 1 362
1 361 1 363
1 362 1 363
1 362 1 364
1 363 1 364
1 363 1 365
1 363 1 367
1 364 1 365
1 364 1 366
1 364 1 367
1 364 1 368
1 364 1 931
1 365 1 366
1 365 1 367
1 365 1 368
1 365 1 369
1 365 1 931
1 366 1 367
1 366 1 368
1 366 1 369
1 366 1 370
1 367 1 368
1 367 1 369
1 367 1 370
1 367 1 371
1 368 1 369
1 368 1 370
1 368 1 371
1 368 1 372
1 369 1 370
1 369 1 371
1 369 1 372
1 369 1 373
1 369 1 498
1 369 1 501
1 369 1 502
1 370 1 371
1 370 1 372
1 370 1 373
1 370 1 374
1 370 1 498
1 371 1 372
1 371 1 373
1 371 1 374
1 371 1 375
1 372 1 373
1 372 1 374
1 372 1 375
1 372 1 376
1 372 1 497
1 372 1 498
1 373 1 374
1 373 1 375
1 373 1 376
1 373 1 377
1 373 1 494
1 373 1 495
1 373 1 497
1 373 1 498
1 374 1 375
1 374 1 376
1 374 1 377
1 374 1 378
1 374 1 494
1 375 1 376
1 375 1 377
1 375 1 378
1 375 1 379
1 376 1 377
1 376 1 378
1 376 1 379
1 376 1 380
1 376 1 494
1 377 1 378
1 377 1 379
1 377 1 380
1 377 1 381
1 377 1 490
1 377 1 491
1 377 1 493
1 377 1 494
1 378 1 379
1 378 1 380
1 378 1 381
1 378 1 382
1 379 1 380
1 379 1 381
1 379 1 382
1 379 1 383
1 380 1 381
1 380 1 382
1 380 1 383
1 380 1 384
1 380 1 389
1 380 1 490
1 381 1 382
1 381 1 383
1 381 1 384
1 381 1 490
1 382 1 383
1 382 1 384
1 383 1 384
1 383 1 385
1 383 1 386
1 383 1 387
1 383 1 388
1 383 1 389
1 384 1 385
1 384 1 386
1 384 1 387
1 384 1 388
1 384 1 389
1 385 1 386
1 385 1 387
1 385 1 388
1 386 1 387
1 386 1 388
1 387 1 388
1 387 1 389
1 388 1 389
1 388 1 390
1 389 1 390
1 389 1 391
1 390 1 391
1 390 1 392
1 390 1 395
1 390 1 396
1 391 1 392
1 391 1 393
1 391 1 417
1 392 1 393
1 392 1 394
1 392 1 395
1 392 1 396
1 392 1 417
1 392 1 513
1 392 1 515
1 393 1 394
1 393 1 395
1 393 1 396
1 393 1 397
1 393 1 414
1 393 1 513
1 393 1 514
1 393 1 515
1 394 1 395
1 394 1 396
1 394 1 397
1 394 1 398
1 394 1 513
1 394 1 540
1 394 1 541
1 394 1 544
1 395 1 396
1 395 1 397
1 395 1 398
1 395 1 399
1 395 1 467
1 395 1 544
1 396 1 397
1 396 1 398
1 396 1 399
1 396 1 400
1 396 1 410
1 397 1 398
1 397 1 399
1 397 1 400
1 397 1 401
1 398 1 399
1 398 1 400
1 398 1 401
1 398 1 402
1 398 1 544
1 398 1 545
1 398 1 548
1 399 1 400
1 399 1 401
1 399 1 402
1 399 1 403
1 399 1 404
1 399 1 405
1 400 1 401
1 400 1 402
1 400 1 403
1 400 1 404
1 400 1 405
1 400 1 406
1 401 1 402
1 401 1 403
1 402 1 403
1 402 1 404
1 402 1 548
1 403 1 404
1 403 1 405
1 404 1 405
1 404 1 406
1 405 1 406
1 405 1 407
1 405 1 410
1 406 1 407
1 406 1 408
1 406 1 409
1 406 1 410
1 407 1 408
1 407 1 409
1 407 1 410
1 408 1 409
1 408 1 410
1 409 1 410
1 409 1 411
1 409 1 412
1 409 1 413
1 410 1 411
1 410 1 412
1 410 1 413
1 410 1 414
1 411 1 412
1 411 1 413
1 411 1 414
1 411 1 415
1 412 1 413
1 412 1 414
1 412 1 415
1 412 1 416
1 413 1 414
1 413 1 415
1 413 1 416
1 413 1 417
1 414 1 415
1 414 1 416
1 414 1 417
1 414 1 418
1 415 1 416
1 415 1 417
1 415 1 418
1 415 1 419
1 416 1 417
1 416 1 418
1 416 1 419
1 416 1 420
1 417 1 418
1 417 1 419
1 417 1 420
1 417 1 421
1 417 1 515
1 418 1 419
1 418 1 420
1 418 1 421
1 418 1 422
1 418 1 515
1 419 1 420
1 419 1 421
1 419 1 422
1 419 1 423
1 420 1 421
1 420 1 422
1 420 1 423
1 420 1 424
1 421 1 422
1 421 1 423
1 421 1 424
1 421 1 425
1 421 1 515
1 421 1 516
1 421 1 519
1 422 1 423
1 422 1 424
1 422 1 425
1 422 1 426
1 422 1 519
1 423 1 424
1 423 1 425
1 423 1 426
1 423 1 427
1 424 1 425
1 424 1 426
1 424 1 427
1 424 1 428
1 425 1 426
1 425 1 427
1 425 1 428
1 425 1 429
1 426 1 427
1 426 1 428
1 426 1 429
1 426 1 430
1 427 1 428
1 427 1 429
1 427 1 430
1 428 1 429
1 428 1 430
1 428 1 431
1 428 1 432
1 429 1 430
1 429 1 431
1 429 1 432
1 429 1 433
1 429 1 436
1 430 1 431
1 430 1 432
1 430 1 433
1 431 1 432
1 431 1 433
1 432 1 433
1 432 1 434
1 432 1 435
1 432 1 436
1 433 1 434
1 433 1 435
1 433 1 436
1 434 1 435
1 434 1 436
1 434 1 437
1 435 1 436
1 435 1 437
1 435 1 438
1 435 1 439
1 436 1 437
1 436 1 438
1 436 1 439
1 437 1 438
1 437 1 439
1 438 1 439
1 438 1 440
1 439 1 440
1 439 1 441
1 440 1 441
1 440 1 442
1 441 1 442
1 441 1 443
1 442 1 443
1 442 1 444
1 443 1 444
1 443 1 445
1 444 1 445
1 444 1 446
1 445 1 446
1 445 1 447
1 446 1 447
1 446 1 448
1 447 1 448
1 447 1 449
1 448 1 449
1 448 1 450
1 449 1 450
1 449 1 451
1 450 1 451
1 450 1 452
1 451 1 452
1 451 1 453
1 451 1 454
1 452 1 453
1 452 1 454
1 452 1 455
1 452 1 456
1 453 1 454
1 453 1 455
1 453 1 456
1 453 1 457
1 454 1 455
1 454 1 456
1 454 1 457
1 454 1 458
1 455 1 456
1 455 1 457
1 455 1 458
1 455 1 459
1 456 1 457
1 456 1 458
1 456 1 459
1 456 1 460
1 456 1 535
1 456 1 539
1 457 1 458
1 457 1 459
1 457 1 460
1 457 1 461
1 458 1 459
1 458 1 460
1 458 1 461
1 458 1 462
1 459 1 460
1 459 1 461
1 459 1 462
1 459 1 463
1 459 1 511
1 459 1 512
1 459 1 539
1 459 1 540
1 460 1 461
1 460 1 462
1 460 1 463
1 460 1 464
1 460 1 539
1 460 1 540
1 460 1 543
1 461 1 462
1 461 1 463
1 461 1 464
1 461 1 465
1 461 1 543
1 462 1 463
1 462 1 464
1 462 1 465
1 462 1 466
1 462 1 500
1 462 1 512
1 463 1 464
1 463 1 465
1 463 1 466
1 463 1 467
1 463 1 512
1 463 1 540
1 463 1 543
1 463 1 544
1 464 1 465
1 464 1 466
1 464 1 467
1 464 1 468
1 464 1 543
1 464 1 544
1 464 1 547
1 465 1 466
1 465 1 467
1 465 1 468
1 465 1 469
1 466 1 467
1 466 1 468
1 466 1 469
1 466 1 470
1 466 1 493
1 466 1 496
1 466 1 497
1 467 1 468
1 467 1 469
1 467 1 470
1 467 1 471
1 467 1 544
1 467 1 547
1 468 1 469
1 468 1 470
1 468 1 471
1 468 1 472
1 468 1 547
1 469 1 470
1 469 1 471
1 469 1 472
1 469 1 473
1 469 1 493
1 470 1 471
1 470 1 472
1 470 1 473
1 470 1 474
1 470 1 493
1 471 1 472
1 471 1 473
1 471 1 474
1 472 1 473
1 472 1 474
1 472 1 952
1 473 1 474
1 473 1 475
1 473 1 489
1 474 1 475
1 474 1 476
1 475 1 476
1 475 1 477
1 476 1 477
1 476 1 478
1 477 1 478
1 477 1 479
1 478 1 479
1 478 1 480
1 479 1 480
1 479 1 481
1 480 1 481
1 480 1 482
1 481 1 482
1 481 1 483
1 482 1 483
1 482 1 484
1 483 1 484
1 483 1 485
1 484 1 485
1 484 1 486
1 485 1 486
1 485 1 487
1 486 1 487
1 486 1 488
1 487 1 488
1 487 1 489
1 488 1 489
1 488 1 490
1 489 1 490
1 489 1 491
1 489 1 492
1 490 1 491
1 490 1 492
1 490 1 493
1 491 1 492
1 491 1 493
1 491 1 494
1 491 1 495
1 492 1 493
1 492 1 494
1 492 1 495
1 492 1 496
1 492 1 948
1 493 1 494
1 493 1 495
1 493 1 496
1 493 1 497
1 494 1 495
1 494 1 496
1 494 1 497
1 494 1 498
1 495 1 496
1 495 1 497
1 495 1 498
1 495 1 499
1 496 1 497
1 496 1 498
1 496 1 499
1 496 1 500
1 496 1 948
1 497 1 498
1 497 1 499
1 497 1 500
1 497 1 501
1 498 1 499
1 498 1 500
1 498 1 501
1 498 1 502
1 499 1 500
1 499 1 501
1 499 1 502
1 499 1 503
1 499 1 941
1 500 1 501
1 500 1 502
1 500 1 503
1 500 1 504
1 501 1 502
1 501 1 503
1 501 1 504
1 501 1 505
1 502 1 503
1 502 1 504
1 502 1 505
1 503 1 504
1 503 1 505
1 503 1 909
1 503 1 912
1 503 1 913
1 504 1 505
1 504 1 506
1 504 1 507
1 504 1 510
1 505 1 506
1 505 1 507
1 505 1 508
1 505 1 509
1 505 1 510
1 506 1 507
1 506 1 508
1 507 1 508
1 507 1 509
1 508 1 509
1 508 1 510
1 509 1 510
1 509 1 511
1 510 1 511
1 510 1 512
1 511 1 512
1 511 1 513
1 512 1 513
1 512 1 514
1 512 1 540
1 513 1 514
1 513 1 515
1 513 1 516
1 514 1 515
1 514 1 516
1 514 1 517
1 514 1 518
1 514 1 536
1 514 1 537
1 515 1 516
1 515 1 517
1 515 1 518
1 515 1 519
1 516 1 517
1 516 1 518
1 516 1 519
1 516 1 520
1 517 1 518
1 517 1 519
1 517 1 520
1 517 1 521
1 518 1 519
1 518 1 520
1 518 1 521
1 518 1 522
1 519 1 520
1 519 1 521
1 519 1 522
1 519 1 523
1 520 1 521
1 520 1 522
1 520 1 523
1 520 1 524
1 521 1 522
1 521 1 523
1 521 1 524
1 521 1 525
1 522 1 523
1 522 1 524
1 522 1 525
1 523 1 524
1 523 1 525
1 524 1 525
1 524 1 526
1 525 1 526
1 525 1 527
1 526 1 527
1 526 1 528
1 526 1 529
1 527 1 528
1 527 1 529
1 527 1 530
1 528 1 529
1 528 1 530
1 528 1 531
1 529 1 530
1 529 1 531
1 530 1 531
1 530 1 532
1 530 1 533
1 531 1 532
1 531 1 533
1 532 1 533
1 532 1 534
1 532 1 535
1 533 1 534
1 533 1 535
1 533 1 536
1 534 1 535
1 534 1 536
1 534 1 537
1 534 1 538
1 535 1 536
1 535 1 537
1 535 1 538
1 535 1 539
1 536 1 537
1 536 1 538
1 536 1 539
1 536 1 540
1 537 1 538
1 537 1 539
1 537 1 540
1 538 1 539
1 538 1 540
1 538 1 541
1 539 1 540
1 539 1 541
1 539 1 542
1 539 1 543
1 540 1 541
1 540 1 542
1 540 1 543
1 540 1 544
1 541 1 542
1 541 1 543
1 541 1 544
1 541 1 545
1 542 1 543
1 542 1 544
1 542 1 545
1 542 1 546
1 543 1 544
1 543 1 545
1 543 1 546
1 543 1 547
1 544 1 545
1 544 1 546
1 544 1 547
1 544 1 548
1 545 1 546
1 545 1 547
1 545 1 548
1 545 1 549
1 546 1 547
1 546 1 548
1 546 1 549
1 546 1 550
1 547 1 548
1 547 1 549
1 547 1 550
1 547 1 551
1 548 1 549
1 548 1 550
1 548 1 551
1 548 1 552
1 549 1 550
1 549 1 551
1 549 1 552
1 550 1 551
1 550 1 552
1 550 1 553
1 550 1 554
1 551 1 552
1 551 1 553
1 551 1 554
1 552 1 553
1 552 1 554
1 552 1 555
1 553 1 554
1 553 1 555
1 554 1 555
1 554 1 556
1 555 1 556
1 555 1 557
1 556 1 557
1 556 1 558
1 557 1 558
1 557 1 559
1 558 1 559
1 558 1 560
1 559 1 560
1 559 1 561
1 560 1 561
1 560 1 562
1 561 1 562
1 561 1 563
1 562 1 563
1 562 1 564
1 563 1 564
1 563 1 565
1 564 1 565
1 564 1 566
1 565 1 566
1 565 1 567
1 566 1 567
1 566 1 568
1 567 1 568
1 567 1 569
1 568 1 569
1 568 1 570
1 569 1 570
1 571 1 572
1 571 1 573
1 572 1 573
1 572 1 574
1 573 1 574
1 573 1 575
1 574 1 575
1 574 1 576
1 575 1 576
1 575 1 577
1 576 1 577
1 576 1 578
1 577 1 578
1 577 1 579
1 578 1 579
1 578 1 580
1 579 1 580
1 579 1 581
1 580 1 581
1 580 1 582
1 581 1 582
1 581 1 583
1 582 1 583
1 582 1 584
1 583 1 584
1 583 1 585
1 584 1 585
1 584 1 586
1 585 1 586
1 585 1 587
1 586 1 587
1 586 1 588
1 587 1 588
1 587 1 589
1 588 1 589
1 588 1 590
1 589 1 590
1 589 1 591
1 590 1 591
1 590 1 592
1 591 1 592
1 591 1 593
1 592 1 593
1 592 1 594
1 593 1 594
1 593 1 595
1 594 1 595
1 594 1 596
1 595 1 596
1 595 1 597
1 596 1 597
1 596 1 598
1 597 1 598
1 597 1 599
1 598 1 599
1 598 1 600
1 598 1 601
1 599 1 600
1 599 1 601
1 600 1 601
1 600 1 602
1 601 1 602
1 601 1 603
1 602 1 603
1 602 1 604
1 603 1 604
1 603 1 605
1 604 1 605
1 604 1 606
1 605 1 606
1 605 1 607
1 605 1 608
1 606 1 607
1 606 1 608
1 606 1 609
1 607 1 608
1 607 1 609
1 607 1 610
1 608 1 609
1 608 1 610
1 608 1 611
1 609 1 610
1 609 1 611
1 609 1 612
1 610 1 611
1 610 1 612
1 610 1 613
1 611 1 612
1 611 1 613
1 611 1 614
1 611 1 615
1 611 1 698
1 611 1 701
1 612 1 613
1 612 1 614
1 612 1 615
1 612 1 616
1 613 1 614
1 613 1 615
1 613 1 616
1 613 1 617
1 614 1 615
1 614 1 616
1 614 1 617
1 614 1 618
1 614 1 702
1 615 1 616
1 615 1 617
1 615 1 618
1 615 1 619
1 615 1 701
1 615 1 702
1 615 1 705
1 616 1 617
1 616 1 618
1 616 1 619
1 616 1 620
1 616 1 705
1 617 1 618
1 617 1 619
1 617 1 620
1 617 1 621
1 618 1 619
1 618 1 620
1 618 1 621
1 618 1 622
1 618 1 702
1 618 1 705
1 618 1 706
1 619 1 620
1 619 1 621
1 619 1 622
1 619 1 623
1 619 1 705
1 619 1 706
1 619 1 708
1 619 1 709
1 620 1 621
1 620 1 622
1 620 1 623
1 620 1 624
1 620 1 709
1 621 1 622
1 621 1 623
1 621 1 624
1 621 1 625
1 622 1 623
1 622 1 624
1 622 1 625
1 622 1 626
1 622 1 706
1 622 1 709
1 622 1 710
1 623 1 624
1 623 1 625
1 623 1 626
1 623 1 627
1 623 1 709
1 623 1 713
1 624 1 625
1 624 1 626
1 624 1 627
1 624 1 628
1 625 1 626
1 625 1 627
1 625 1 628
1 625 1 629
1 626 1 627
1 626 1 628
1 626 1 629
1 626 1 630
1 627 1 628
1 627 1 629
1 627 1 630
1 627 1 631
1 628 1 629
1 628 1 630
1 628 1 631
1 628 1 632
1 628 1 1073
1 629 1 630
1 629 1 631
1 629 1 632
1 629 1 633
1 630 1 631
1 630 1 632
1 630 1 633
1 630 1 634
1 631 1 632
1 631 1 633
1 631 1 634
1 632 1 633
1 632 1 634
1 632 1 635
1 632 1 636
1 633 1 634
1 633 1 635
1 633 1 636
1 634 1 635
1 634 1 636
1 635 1 636
1 635 1 637
1 636 1 637
1 636 1 638
1 637 1 638
1 637 1 639
1 638 1 639
1 638 1 640
1 639 1 640
1 639 1 641
1 640 1 641
1 640 1 642
1 641 1 642
1 641 1 643
1 642 1 643
1 642 1 644
1 643 1 644
1 643 1 645
1 644 1 645
1 644 1 646
1 645 1 646
1 645 1 647
1 646 1 647
1 646 1 648
1 647 1 648
1 647 1 649
1 648 1 649
1 648 1 650
1 648 1 652
1 648 1 935
1 649 1 650
1 649 1 651
1 649 1 652
1 649 1 653
1 650 1 651
1 650 1 652
1 650 1 653
1 650 1 654
1 651 1 652
1 651 1 653
1 651 1 654
1 651 1 655
1 652 1 653
1 652 1 654
1 652 1 655
1 652 1 656
1 653 1 654
1 653 1 655
1 653 1 656
1 653 1 657
1 654 1 655
1 654 1 656
1 654 1 657
1 654 1 658
1 654 1 783
1 654 1 786
1 654 1 787
1 655 1 656
1 655 1 657
1 655 1 658
1 655 1 659
1 655 1 783
1 656 1 657
1 656 1 658
1 656 1 659
1 656 1 660
1 656 1 1069
1 657 1 658
1 657 1 659
1 657 1 660
1 657 1 661
1 657 1 783
1 658 1 659
1 658 1 660
1 658 1 661
1 658 1 662
1 658 1 779
1 658 1 780
1 658 1 782
1 658 1 783
1 659 1 660
1 659 1 661
1 659 1 662
1 659 1 663
1 659 1 779
1 660 1 661
1 660 1 662
1 660 1 663
1 660 1 664
1 661 1 662
1 661 1 663
1 661 1 664
1 661 1 665
1 661 1 779
1 662 1 663
1 662 1 664
1 662 1 665
1 662 1 666
1 662 1 775
1 662 1 776
1 662 1 779
1 663 1 664
1 663 1 665
1 663 1 666
1 663 1 667
1 664 1 665
1 664 1 666
1 664 1 667
1 664 1 668
1 665 1 666
1 665 1 667
1 665 1 668
1 665 1 775
1 666 1 667
1 666 1 668
1 666 1 669
1 666 1 775
1 667 1 668
1 667 1 669
1 667 1 1042
1 668 1 669
1 668 1 670
1 668 1 674
1 669 1 670
1 669 1 671
1 669 1 672
1 669 1 673
1 670 1 671
1 670 1 672
1 671 1 672
1 671 1 673
1 672 1 673
1 672 1 674
1 673 1 674
1 673 1 675
1 674 1 675
1 674 1 676
1 675 1 676
1 675 1 677
1 675 1 680
1 675 1 681
1 676 1 677
1 676 1 678
1 676 1 702
1 677 1 678
1 677 1 679
1 677 1 680
1 677 1 681
1 677 1 702
1 677 1 798
1 677 1 799
1 677 1 800
1 678 1 679
1 678 1 680
1 678 1 681
1 678 1 682
1 678 1 699
1 678 1 798
1 678 1 799
1 678 1 800
1 679 1 680
1 679 1 681
1 679 1 682
1 679 1 683
1 679 1 798
1 679 1 825
1 679 1 826
1 679 1 829
1 680 1 681
1 680 1 682
1 680 1 683
1 680 1 684
1 680 1 752
1 681 1 682
1 681 1 683
1 681 1 684
1 681 1 685
1 681 1 695
1 682 1 683
1 682 1 684
1 682 1 685
1 682 1 686
1 682 1 695
1 683 1 684
1 683 1 685
1 683 1 686
1 683 1 687
1 683 1 829
1 683 1 830
1 683 1 833
1 684 1 685
1 684 1 686
1 684 1 687
1 684 1 688
1 684 1 689
1 684 1 690
1 685 1 686
1 685 1 687
1 685 1 688
1 685 1 689
1 685 1 690
1 685 1 691
1 686 1 687
1 686 1 688
1 686 1 833
1 687 1 688
1 687 1 689
1 687 1 833
1 688 1 689
1 688 1 690
1 689 1 690
1 689 1 691
1 690 1 691
1 690 1 692
1 691 1 692
1 691 1 693
1 691 1 694
1 691 1 695
1 692 1 693
1 692 1 694
1 692 1 695
1 692 1 696
1 693 1 694
1 693 1 695
1 693 1 696
1 693 1 697
1 694 1 695
1 694 1 696
1 694 1 697
1 694 1 698
1 695 1 696
1 695 1 697
1 695 1 698
1 695 1 699
1 696 1 697
1 696 1 698
1 696 1 699
1 696 1 700
1 697 1 698
1 697 1 699
1 697 1 700
1 697 1 701
1 698 1 699
1 698 1 700
1 698 1 701
1 698 1 702
1 699 1 700
1 699 1 701
1 699 1 702
1 699 1 703
1 700 1 701
1 700 1 702
1 700 1 703
1 700 1 704
1 701 1 702
1 701 1 703
1 701 1 704
1 701 1 705
1 702 1 703
1 702 1 704
1 702 1 705
1 702 1 706
1 702 1 800
1 703 1 704
1 703 1 705
1 703 1 706
1 703 1 707
1 703 1 800
1 704 1 705
1 704 1 706
1 704 1 707
1 704 1 708
1 705 1 706
1 705 1 707
1 705 1 708
1 705 1 709
1 706 1 707
1 706 1 708
1 706 1 709
1 706 1 710
1 706 1 800
1 706 1 801
1 706 1 804
1 707 1 708
1 707 1 709
1 707 1 710
1 707 1 711
1 707 1 804
1 708 1 709
1 708 1 710
1 708 1 711
1 708 1 712
1 709 1 710
1 709 1 711
1 709 1 712
1 709 1 713
1 710 1 711
1 710 1 712
1 710 1 713
1 710 1 714
1 711 1 712
1 711 1 713
1 711 1 714
1 712 1 713
1 712 1 714
1 712 1 715
1 712 1 716
1 713 1 714
1 713 1 715
1 713 1 716
1 713 1 717
1 714 1 715
1 714 1 716
1 714 1 717
1 714 1 718
1 714 1 721
1 715 1 716
1 715 1 717
1 715 1 718
1 716 1 717
1 716 1 718
1 717 1 718
1 717 1 719
1 717 1 720
1 718 1 719
1 718 1 720
1 718 1 721
1 719 1 720
1 719 1 721
1 720 1 721
1 720 1 722
1 720 1 723
1 720 1 724
1 721 1 722
1 721 1 723
1 721 1 724
1 722 1 723
1 722 1 724
1 723 1 724
1 723 1 725
1 724 1 725
1 724 1 726
1 725 1 726
1 725 1 727
1 726 1 727
1 726 1 728
1 727 1 728
1 727 1 729
1 728 1 729
1 728 1 730
1 729 1 730
1 729 1 731
1 730 1 731
1 730 1 732
1 730 1 814
1 731 1 732
1 731 1 733
1 732 1 733
1 732 1 734
1 733 1 734
1 733 1 735
1 734 1 735
1 734 1 736
1 735 1 736
1 735 1 737
1 736 1 737
1 736 1 738
1 736 1 739
1 737 1 738
1 737 1 739
1 737 1 740
1 737 1 741
1 738 1 739
1 738 1 740
1 738 1 741
1 739 1 740
1 739 1 741
1 739 1 742
1 740 1 741
1 740 1 742
1 740 1 743
1 740 1 744
1 741 1 742
1 741 1 743
1 741 1 744
1 741 1 745
1 741 1 820
1 741 1 824
1 742 1 743
1 742 1 744
1 742 1 745
1 742 1 746
1 743 1 744
1 743 1 745
1 743 1 746
1 743 1 747
1 744 1 745
1 744 1 746
1 744 1 747
1 744 1 748
1 744 1 797
1 744 1 824
1 744 1 825
1 745 1 746
1 745 1 747
1 745 1 748
1 745 1 749
1 745 1 824
1 745 1 825
1 745 1 827
1 745 1 828
1 746 1 747
1 746 1 748
1 746 1 749
1 746 1 750
1 746 1 828
1 747 1 748
1 747 1 749
1 747 1 750
1 747 1 785
1 748 1 749
1 748 1 750
1 748 1 751
1 748 1 752
1 748 1 797
1 748 1 825
1 748 1 828
1 748 1 829
1 749 1 750
1 749 1 751
1 749 1 752
1 749 1 753
1 749 1 828
1 749 1 829
1 749 1 832
1 750 1 751
1 750 1 752
1 750 1 753
1 750 1 754
1 751 1 752
1 751 1 753
1 751 1 754
1 751 1 755
1 751 1 781
1 752 1 753
1 752 1 754
1 752 1 755
1 752 1 756
1 752 1 829
1 752 1 832
1 753 1 754
1 753 1 755
1 753 1 756
1 753 1 757
1 753 1 832
1 754 1 755
1 754 1 756
1 754 1 757
1 754 1 758
1 754 1 778
1 755 1 756
1 755 1 757
1 755 1 758
1 755 1 773
1 755 1 778
1 756 1 757
1 756 1 758
1 757 1 758
1 757 1 759
1 758 1 759
1 758 1 760
1 759 1 760
1 759 1 761
1 760 1 761
1 760 1 762
1 761 1 762
1 761 1 763
1 762 1 763
1 762 1 764
1 763 1 764
1 763 1 765
1 764 1 765
1 764 1 766
1 765 1 766
1 765 1 767
1 766 1 767
1 766 1 768
1 766 1 769
1 767 1 768
1 767 1 769
1 767 1 770
1 768 1 769
1 768 1 770
1 769 1 770
1 769 1 771
1 770 1 771
1 770 1 772
1 771 1 772
1 771 1 773
1 772 1 773
1 772 1 774
1 773 1 774
1 773 1 775
1 774 1 775
1 774 1 776
1 774 1 777
1 775 1 776
1 775 1 777
1 775 1 778
1 775 1 779
1 776 1 777
1 776 1 778
1 776 1 779
1 776 1 780
1 777 1 778
1 777 1 779
1 777 1 780
1 777 1 781
1 778 1 779
1 778 1 780
1 778 1 781
1 778 1 782
1 779 1 780
1 779 1 781
1 779 1 782
1 779 1 783
1 780 1 781
1 780 1 782
1 780 1 783
1 780 1 784
1 781 1 782
1 781 1 783
1 781 1 784
1 781 1 785
1 782 1 783
1 782 1 784
1 782 1 785
1 782 1 786
1 783 1 784
1 783 1 785
1 783 1 786
1 783 1 787
1 784 1 785
1 784 1 786
1 784 1 787
1 784 1 788
1 785 1 786
1 785 1 787
1 785 1 788
1 785 1 789
1 786 1 787
1 786 1 788
1 786 1 789
1 786 1 790
1 787 1 788
1 787 1 789
1 787 1 790
1 788 1 789
1 788 1 790
1 789 1 790
1 789 1 791
1 789 1 792
1 789 1 793
1 790 1 791
1 790 1 792
1 790 1 793
1 790 1 794
1 791 1 792
1 791 1 793
1 792 1 793
1 792 1 794
1 793 1 794
1 793 1 795
1 794 1 795
1 794 1 796
1 795 1 796
1 795 1 797
1 796 1 797
1 796 1 798
1 796 1 821
1 797 1 798
1 797 1 799
1 797 1 825
1 798 1 799
1 798 1 800
1 798 1 801
1 799 1 800
1 799 1 801
1 799 1 802
1 799 1 803
1 799 1 821
1 799 1 822
1 800 1 801
1 800 1 802
1 800 1 803
1 800 1 804
1 801 1 802
1 801 1 803
1 801 1 804
1 801 1 805
1 802 1 803
1 802 1 804
1 802 1 805
1 802 1 806
1 803 1 804
1 803 1 805
1 803 1 806
1 803 1 807
1 804 1 805
1 804 1 806
1 804 1 807
1 805 1 806
1 805 1 807
1 805 1 808
1 805 1 809
1 806 1 807
1 806 1 808
1 806 1 809
1 806 1 810
1 807 1 808
1 807 1 809
1 807 1 810
1 808 1 809
1 808 1 810
1 809 1 810
1 809 1 811
1 810 1 811
1 810 1 812
1 811 1 812
1 811 1 813
1 811 1 814
1 812 1 813
1 812 1 814
1 812 1 815
1 813 1 814
1 813 1 815
1 813 1 816
1 814 1 815
1 814 1 816
1 814 1 817
1 815 1 816
1 815 1 817
1 815 1 818
1 816 1 817
1 816 1 818
1 817 1 818
1 817 1 819
1 817 1 820
1 818 1 819
1 818 1 820
1 818 1 821
1 818 1 822
1 819 1 820
1 819 1 821
1 819 1 822
1 819 1 823
1 820 1 821
1 820 1 822
1 820 1 823
1 820 1 824
1 821 1 822
1 821 1 823
1 821 1 824
1 821 1 825
1 822 1 823
1 822 1 824
1 822 1 825
1 822 1 826
1 823 1 824
1 823 1 825
1 823 1 826
1 823 1 827
1 824 1 825
1 824 1 826
1 824 1 827
1 824 1 828
1 825 1 826
1 825 1 827
1 825 1 828
1 825 1 829
1 826 1 827
1 826 1 828
1 826 1 829
1 826 1 830
1 827 1 828
1 827 1 829
1 827 1 830
1 827 1 831
1 828 1 829
1 828 1 830
1 828 1 831
1 828 1 832
1 829 1 830
1 829 1 831
1 829 1 832
1 829 1 833
1 830 1 831
1 830 1 832
1 830 1 833
1 830 1 834
1 831 1 832
1 831 1 833
1 831 1 834
1 831 1 835
1 832 1 833
1 832 1 834
1 832 1 835
1 832 1 836
1 833 1 834
1 833 1 835
1 833 1 836
1 834 1 835
1 834 1 836
1 834 1 837
1 835 1 836
1 835 1 837
1 836 1 837
1 836 1 838
1 837 1 838
1 837 1 839
1 838 1 839
1 838 1 840
1 839 1 840
1 839 1 841
1 840 1 841
1 840 1 842
1 841 1 842
1 841 1 843
1 842 1 843
1 842 1 844
1 843 1 844
1 843 1 845
1 844 1 845
1 844 1 846
1 845 1 846
1 845 1 847
1 846 1 847
1 846 1 848
1 847 1 848
1 847 1 849
1 848 1 849
1 848 1 850
1 849 1 850
1 849 1 851
1 850 1 851
1 850 1 852
1 851 1 852
1 851 1 853
1 852 1 853
1 852 1 854
1 853 1 854
1 853 1 855
1 854 1 855
1 856 1 857
1 856 1 858
1 857 1 858
1 857 1 859
1 858 1 859
1 858 1 860
1 859 1 860
1 859 1 861
1 860 1 861
1 860 1 862
1 861 1 862
1 861 1 863
1 862 1 863
1 862 1 864
1 863 1 864
1 863 1 865
1 864 1 865
1 864 1 866
1 865 1 866
1 865 1 867
1 866 1 867
1 866 1 868
1 867 1 868
1 867 1 869
1 868 1 869
1 868 1 870
1 869 1 870
1 869 1 871
1 870 1 871
1 870 1 872
1 871 1 872
1 871 1 873
1 872 1 873
1 872 1 874
1 873 1 874
1 873 1 875
1 874 1 875
1 874 1 876
1 875 1 876
1 875 1 877
1 876 1 877
1 876 1 878
1 877 1 878
1 877 1 879
1 878 1 879
1 878 1 880
1 879 1 880
1 879 1 881
1 880 1 881
1 880 1 882
1 881 1 882
1 881 1 883
1 882 1 883
1 882 1 884
1 883 1 884
1 883 1 885
1 884 1 885
1 884 1 886
1 885 1 886
1 885 1 887
1 886 1 887
1 886 1 888
1 887 1 888
1 887 1 889
1 888 1 889
1 888 1 890
1 888 1 891
1 888 1 892
1 889 1 890
1 889 1 891
1 889 1 892
1 889 1 893
1 890 1 891
1 890 1 892
1 890 1 893
1 890 1 894
1 891 1 892
1 891 1 893
1 891 1 894
1 891 1 895
1 892 1 893
1 892 1 894
1 892 1 895
1 892 1 896
1 893 1 894
1 893 1 895
1 893 1 896
1 893 1 897
1 894 1 895
1 894 1 896
1 894 1 897
1 894 1 898
1 895 1 896
1 895 1 897
1 895 1 898
1 895 1 899
1 896 1 897
1 896 1 898
1 896 1 899
1 896 1 900
1 896 1 983
1 896 1 986
1 897 1 898
1 897 1 899
1 897 1 900
1 897 1 901
1 898 1 899
1 898 1 900
1 898 1 901
1 898 1 902
1 899 1 900
1 899 1 901
1 899 1 902
1 899 1 903
1 899 1 987
1 900 1 901
1 900 1 902
1 900 1 903
1 900 1 904
1 900 1 986
1 900 1 987
1 900 1 990
1 901 1 902
1 901 1 903
1 901 1 904
1 901 1 905
1 901 1 990
1 902 1 903
1 902 1 904
1 902 1 905
1 902 1 906
1 902 1 949
1 903 1 904
1 903 1 905
1 903 1 906
1 903 1 907
1 903 1 961
1 903 1 987
1 903 1 990
1 903 1 991
1 904 1 905
1 904 1 906
1 904 1 907
1 904 1 908
1 904 1 990
1 904 1 991
1 904 1 993
1 904 1 994
1 905 1 906
1 905 1 907
1 905 1 908
1 905 1 909
1 905 1 994
1 906 1 907
1 906 1 908
1 906 1 909
1 906 1 910
1 906 1 945
1 907 1 908
1 907 1 909
1 907 1 910
1 907 1 911
1 907 1 991
1 907 1 994
1 907 1 995
1 907 1 1086
1 908 1 909
1 908 1 910
1 908 1 911
1 908 1 912
1 908 1 994
1 908 1 995
1 908 1 997
1 908 1 998
1 909 1 910
1 909 1 911
1 909 1 912
1 909 1 913
1 910 1 911
1 910 1 912
1 910 1 913
1 910 1 914
1 910 1 942
1 911 1 912
1 911 1 913
1 911 1 914
1 911 1 915
1 911 1 998
1 912 1 913
1 912 1 914
1 912 1 915
1 912 1 916
1 912 1 998
1 913 1 914
1 913 1 915
1 913 1 916
1 913 1 917
1 914 1 915
1 914 1 916
1 914 1 917
1 914 1 918
1 915 1 916
1 915 1 917
1 915 1 918
1 915 1 919
1 915 1 1005
1 916 1 917
1 916 1 918
1 916 1 919
1 916 1 920
1 917 1 918
1 917 1 919
1 917 1 920
1 918 1 919
1 918 1 920
1 918 1 921
1 919 1 920
1 919 1 921
1 919 1 922
1 920 1 921
1 920 1 922
1 921 1 922
1 921 1 923
1 922 1 923
1 922 1 924
1 923 1 924
1 923 1 925
1 924 1 925
1 924 1 926
1 925 1 926
1 925 1 927
1 926 1 927
1 926 1 928
1 927 1 928
1 927 1 929
1 928 1 929
1 928 1 930
1 929 1 930
1 929 1 931
1 930 1 931
1 930 1 932
1 931 1 932
1 931 1 933
1 932 1 933
1 932 1 934
1 933 1 934
1 933 1 935
1 933 1 937
1 934 1 935
1 934 1 936
1 934 1 937
1 935 1 936
1 935 1 937
1 935 1 938
1 935 1 939
1 936 1 937
1 936 1 938
1 936 1 939
1 936 1 940
1 937 1 938
1 937 1 939
1 937 1 940
1 937 1 941
1 938 1 939
1 938 1 940
1 938 1 941
1 938 1 942
1 939 1 940
1 939 1 941
1 939 1 942
1 939 1 943
1 939 1 1068
1 939 1 1071
1 939 1 1072
1 940 1 941
1 940 1 942
1 940 1 943
1 940 1 944
1 940 1 1068
1 941 1 942
1 941 1 943
1 941 1 944
1 941 1 945
1 942 1 943
1 942 1 944
1 942 1 945
1 942 1 946
1 942 1 1067
1 942 1 1068
1 943 1 944
1 943 1 945
1 943 1 946
1 943 1 947
1 943 1 1064
1 943 1 1065
1 943 1 1067
1 943 1 1068
1 944 1 945
1 944 1 946
1 944 1 947
1 944 1 948
1 944 1 1064
1 945 1 946
1 945 1 947
1 945 1 948
1 945 1 949
1 946 1 947
1 946 1 948
1 946 1 949
1 946 1 950
1 946 1 1064
1 947 1 948
1 947 1 949
1 947 1 950
1 947 1 951
1 947 1 1060
1 947 1 1061
1 947 1 1064
1 948 1 949
1 948 1 950
1 948 1 951
1 948 1 952
1 949 1 950
1 949 1 951
1 949 1 952
1 949 1 953
1 950 1 951
1 950 1 952
1 950 1 953
1 950 1 954
1 950 1 959
1 950 1 1060
1 951 1 952
1 951 1 953
1 951 1 954
1 951 1 1060
1 952 1 953
1 952 1 954
1 953 1 954
1 953 1 955
1 953 1 956
1 954 1 955
1 954 1 956
1 954 1 957
1 954 1 958
1 955 1 956
1 955 1 957
1 956 1 957
1 956 1 958
1 957 1 958
1 957 1 959
1 958 1 959
1 958 1 960
1 959 1 960
1 959 1 961
1 960 1 961
1 960 1 962
1 960 1 965
1 960 1 966
1 961 1 962
1 961 1 963
1 961 1 987
1 962 1 963
1 962 1 964
1 962 1 965
1 962 1 966
1 962 1 1083
1 962 1 1085
1 963 1 964
1 963 1 965
1 963 1 966
1 963 1 967
1 963 1 984
1 963 1 1083
1 963 1 1084
1 963 1 1085
1 964 1 965
1 964 1 966
1 964 1 967
1 964 1 968
1 964 1 1083
1 964 1 1110
1 964 1 1111
1 964 1 1114
1 965 1 966
1 965 1 967
1 965 1 968
1 965 1 969
1 965 1 1037
1 965 1 1114
1 966 1 967
1 966 1 968
1 966 1 969
1 966 1 970
1 966 1 980
1 967 1 968
1 967 1 969
1 967 1 970
1 967 1 971
1 968 1 969
1 968 1 970
1 968 1 971
1 968 1 972
1 968 1 1114
1 968 1 1115
1 968 1 1118
1 969 1 970
1 969 1 971
1 969 1 972
1 969 1 973
1 969 1 974
1 969 1 975
1 970 1 971
1 970 1 972
1 970 1 973
1 970 1 974
1 970 1 975
1 970 1 976
1 970 1 977
1 971 1 972
1 971 1 973
1 972 1 973
1 972 1 974
1 972 1 1118
1 973 1 974
1 973 1 975
1 974 1 975
1 974 1 976
1 975 1 976
1 975 1 977
1 975 1 980
1 976 1 977
1 976 1 978
1 976 1 979
1 976 1 980
1 977 1 978
1 977 1 979
1 977 1 980
1 978 1 979
1 978 1 980
1 978 1 981
1 979 1 980
1 979 1 981
1 979 1 982
1 979 1 983
1 980 1 981
1 980 1 982
1 980 1 983
1 980 1 984
1 981 1 982
1 981 1 983
1 981 1 984
1 981 1 985
1 982 1 983
1 982 1 984
1 982 1 985
1 982 1 986
1 983 1 984
1 983 1 985
1 983 1 986
1 983 1 987
1 984 1 985
1 984 1 986
1 984 1 987
1 984 1 988
1 985 1 986
1 985 1 987
1 985 1 988
1 985 1 989
1 986 1 987
1 986 1 988
1 986 1 989
1 986 1 990
1 987 1 988
1 987 1 989
1 987 1 990
1 987 1 991
1 987 1 1085
1 988 1 989
1 988 1 990
1 988 1 991
1 988 1 992
1 988 1 1085
1 989 1 990
1 989 1 991
1 989 1 992
1 989 1 993
1 990 1 991
1 990 1 992
1 990 1 993
1 990 1 994
1 991 1 992
1 991 1 993
1 991 1 994
1 991 1 995
1 991 1 1085
1 991 1 1086
1 991 1 1089
1 992 1 993
1 992 1 994
1 992 1 995
1 992 1 996
1 992 1 1089
1 993 1 994
1 993 1 995
1 993 1 996
1 993 1 997
1 994 1 995
1 994 1 996
1 994 1 997
1 994 1 998
1 995 1 996
1 995 1 997
1 995 1 998
1 995 1 999
1 995 1 1089
1 995 1 1090
1 996 1 997
1 996 1 998
1 996 1 999
1 996 1 1000
1 997 1 998
1 997 1 999
1 997 1 1000
1 997 1 1001
1 998 1 999
1 998 1 1000
1 998 1 1001
1 998 1 1002
1 999 1 1000
1 999 1 1001
1 999 1 1002
1 999 1 1003
1 999 1 1006
1 1000 1 1001
1 1000 1 1002
1 1000 1 1003
1 1001 1 1002
1 1001 1 1003
1 1002 1 1003
1 1002 1 1004
1 1002 1 1005
1 1002 1 1006
1 1003 1 1004
1 1003 1 1005
1 1003 1 1006
1 1004 1 1005
1 1004 1 1006
1 1005 1 1006
1 1005 1 1007
1 1005 1 1008
1 1005 1 1009
1 1006 1 1007
1 1006 1 1008
1 1006 1 1009
1 1006 1 1010
1 1007 1 1008
1 1007 1 1009
1 1007 1 1010
1 1008 1 1009
1 1008 1 1010
1 1009 1 1010
1 1009 1 1011
1 1010 1 1011
1 1010 1 1012
1 1011 1 1012
1 1011 1 1013
1 1012 1 1013
1 1012 1 1014
1 1013 1 1014
1 1013 1 1015
1 1014 1 1015
1 1014 1 1016
1 1015 1 1016
1 1015 1 1017
1 1016 1 1017
1 1016 1 1018
1 1017 1 1018
1 1017 1 1019
1 1018 1 1019
1 1018 1 1020
1 1019 1 1020
1 1019 1 1021
1 1020 1 1021
1 1020 1 1022
1 1021 1 1022
1 1021 1 1023
1 1021 1 1024
1 1022 1 1023
1 1022 1 1024
1 1022 1 1025
1 1022 1 1026
1 1023 1 1024
1 1023 1 1025
1 1023 1 1026
1 1024 1 1025
1 1024 1 1026
1 1024 1 1027
1 1024 1 1028
1 1025 1 1026
1 1025 1 1027
1 1025 1 1028
1 1025 1 1029
1 1026 1 1027
1 1026 1 1028
1 1026 1 1029
1 1026 1 1030
1 1026 1 1105
1 1026 1 1109
1 1027 1 1028
1 1027 1 1029
1 1027 1 1030
1 1027 1 1031
1 1028 1 1029
1 1028 1 1030
1 1028 1 1031
1 1028 1 1032
1 1029 1 1030
1 1029 1 1031
1 1029 1 1032
1 1029 1 1033
1 1029 1 1080
1 1029 1 1082
1 1029 1 1109
1 1029 1 1110
1 1030 1 1031
1 1030 1 1032
1 1030 1 1033
1 1030 1 1034
1 1030 1 1109
1 1030 1 1110
1 1030 1 1113
1 1031 1 1032
1 1031 1 1033
1 1031 1 1034
1 1031 1 1035
1 1031 1 1113
1 1032 1 1033
1 1032 1 1034
1 1032 1 1035
1 1032 1 1036
1 1032 1 1070
1 1033 1 1034
1 1033 1 1035
1 1033 1 1036
1 1033 1 1037
1 1033 1 1082
1 1033 1 1110
1 1033 1 1113
1 1033 1 1114
1 1034 1 1035
1 1034 1 1036
1 1034 1 1037
1 1034 1 1038
1 1034 1 1113
1 1034 1 1114
1 1034 1 1117
1 1035 1 1036
1 1035 1 1037
1 1035 1 1038
1 1035 1 1039
1 1036 1 1037
1 1036 1 1038
1 1036 1 1039
1 1036 1 1040
1 1036 1 1066
1 1036 1 1067
1 1037 1 1038
1 1037 1 1039
1 1037 1 1040
1 1037 1 1041
1 1037 1 1114
1 1037 1 1117
1 1038 1 1039
1 1038 1 1040
1 1038 1 1041
1 1038 1 1042
1 1038 1 1117
1 1039 1 1040
1 1039 1 1041
1 1039 1 1042
1 1039 1 1043
1 1040 1 1041
1 1040 1 1042
1 1040 1 1043
1 1040 1 1063
1 1041 1 1042
1 1041 1 1043
1 1041 1 1044
1 1042 1 1043
1 1042 1 1044
1 1043 1 1044
1 1043 1 1045
1 1043 1 1059
1 1044 1 1045
1 1044 1 1046
1 1045 1 1046
1 1045 1 1047
1 1046 1 1047
1 1046 1 1048
1 1047 1 1048
1 1047 1 1049
1 1048 1 1049
1 1048 1 1050
1 1049 1 1050
1 1049 1 1051
1 1050 1 1051
1 1050 1 1052
1 1051 1 1052
1 1051 1 1053
1 1052 1 1053
1 1052 1 1054
1 1053 1 1054
1 1053 1 1055
1 1054 1 1055
1 1054 1 1056
1 1055 1 1056
1 1055 1 1057
1 1056 1 1057
1 1056 1 1058
1 1057 1 1058
1 1057 1 1059
1 1058 1 1059
1 1058 1 1060
1 1059 1 1060
1 1059 1 1061
1 1059 1 1062
1 1060 1 1061
1 1060 1 1062
1 1060 1 1063
1 1061 1 1062
1 1061 1 1063
1 1061 1 1064
1 1061 1 1065
1 1062 1 1063
1 1062 1 1064
1 1062 1 1065
1 1062 1 1066
1 1063 1 1064
1 1063 1 1065
1 1063 1 1066
1 1063 1 1067
1 1064 1 1065
1 1064 1 1066
1 1064 1 1067
1 1064 1 1068
1 1065 1 1066
1 1065 1 1067
1 1065 1 1068
1 1065 1 1069
1 1066 1 1067
1 1066 1 1068
1 1066 1 1069
1 1066 1 1070
1 1067 1 1068
1 1067 1 1069
1 1067 1 1070
1 1067 1 1071
1 1068 1 1069
1 1068 1 1070
1 1068 1 1071
1 1068 1 1072
1 1069 1 1070
1 1069 1 1071
1 1069 1 1072
1 1069 1 1073
1 1070 1 1071
1 1070 1 1072
1 1070 1 1073
1 1070 1 1074
1 1071 1 1072
1 1071 1 1073
1 1071 1 1074
1 1071 1 1075
1 1072 1 1073
1 1072 1 1074
1 1072 1 1075
1 1073 1 1074
1 1073 1 1075
1 1074 1 1075
1 1074 1 1076
1 1074 1 1077
1 1074 1 1080
1 1075 1 1076
1 1075 1 1077
1 1075 1 1078
1 1075 1 1079
1 1075 1 1080
1 1076 1 1077
1 1076 1 1078
1 1077 1 1078
1 1077 1 1079
1 1078 1 1079
1 1078 1 1080
1 1079 1 1080
1 1079 1 1081
1 1080 1 1081
1 1080 1 1082
1 1081 1 1082
1 1081 1 1083
1 1081 1 1087
1 1082 1 1083
1 1082 1 1084
1 1082 1 1110
1 1083 1 1084
1 1083 1 1085
1 1083 1 1086
1 1084 1 1085
1 1084 1 1086
1 1084 1 1087
1 1084 1 1088
1 1084 1 1106
1 1084 1 1107
1 1085 1 1086
1 1085 1 1087
1 1085 1 1088
1 1085 1 1089
1 1086 1 1087
1 1086 1 1088
1 1086 1 1089
1 1086 1 1090
1 1087 1 1088
1 1087 1 1089
1 1087 1 1090
1 1087 1 1091
1 1087 1 1106
1 1088 1 1089
1 1088 1 1090
1 1088 1 1091
1 1088 1 1092
1 1089 1 1090
1 1089 1 1091
1 1089 1 1092
1 1090 1 1091
1 1090 1 1092
1 1090 1 1093
1 1090 1 1094
1 1091 1 1092
1 1091 1 1093
1 1091 1 1094
1 1091 1 1095
1 1091 1 1099
1 1092 1 1093
1 1092 1 1094
1 1092 1 1095
1 1093 1 1094
1 1093 1 1095
1 1094 1 1095
1 1094 1 1096
1 1095 1 1096
1 1095 1 1097
1 1096 1 1097
1 1096 1 1098
1 1096 1 1099
1 1097 1 1098
1 1097 1 1099
1 1097 1 1100
1 1098 1 1099
1 1098 1 1100
1 1098 1 1101
1 1099 1 1100
1 1099 1 1101
1 1099 1 1102
1 1100 1 1101
1 1100 1 1102
1 1100 1 1103
1 1101 1 1102
1 1101 1 1103
1 1102 1 1103
1 1102 1 1104
1 1102 1 1105
1 1103 1 1104
1 1103 1 1105
1 1103 1 1106
1 1104 1 1105
1 1104 1 1106
1 1104 1 1107
1 1104 1 1108
1 1105 1 1106
1 1105 1 1107
1 1105 1 1108
1 1105 1 1109
1 1106 1 1107
1 1106 1 1108
1 1106 1 1109
1 1106 1 1110
1 1107 1 1108
1 1107 1 1109
1 1107 1 1110
1 1107 1 1111
1 1108 1 1109
1 1108 1 1110
1 1108 1 1111
1 1108 1 1112
1 1109 1 1110
1 1109 1 1111
1 1109 1 1112
1 1109 1 1113
1 1110 1 1111
1 1110 1 1112
1 1110 1 1113
1 1110 1 1114
1 1111 1 1112
1 1111 1 1113
1 1111 1 1114
1 1111 1 1115
1 1112 1 1113
1 1112 1 1114
1 1112 1 1115
1 1112 1 1116
1 1113 1 1114
1 1113 1 1115
1 1113 1 1116
1 1114 1 1115
1 1114 1 1116
1 1114 1 1117
1 1114 1 1118
1 1115 1 1116
1 1115 1 1117
1 1115 1 1118
1 1115 1 1119
1 1116 1 1117
1 1116 1 1118
1 1116 1 1119
1 1117 1 1118
1 1117 1 1119
1 1117 1 1120
1 1118 1 1119
1 1118 1 1120
1 1118 1 1121
1 1118 1 1122
1 1119 1 1120
1 1119 1 1121
1 1119 1 1122
1 1120 1 1121
1 1120 1 1122
1 1120 1 1123
1 1121 1 1122
1 1121 1 1123
1 1121 1 1124
1 1122 1 1123
1 1122 1 1124
1 1123 1 1124
1 1123 1 1125
1 1124 1 1125
1 1124 1 1126
1 1125 1 1126
1 1125 1 1127
1 1126 1 1127
1 1126 1 1128
1 1127 1 1128
1 1127 1 1129
1 1128 1 1129
1 1128 1 1130
1 1129 1 1130
1 1129 1 1131
1 1130 1 1131
1 1130 1 1132
1 1131 1 1132
1 1131 1 1133
1 1132 1 1133
1 1132 1 1134
1 1133 1 1134
1 1133 1 1135
1 1134 1 1135
1 1134 1 1136
1 1135 1 1136
1 1135 1 1137
1 1136 1 1137
1 1136 1 1138
1 1137 1 1138
1 1137 1 1139
1 1138 1 1139
1 1138 1 1140
1 1139 1 1140
1 33 1 36
1 33 1 37
1 35 1 39
1 47 1 94
1 55 1 87
1 96 1 205
1 98 1 103
1 98 1 104
1 99 1 104
1 108 1 230
1 115 1 122
1 116 1 260
1 142 1 146
1 143 1 147
1 147 1 151
1 148 1 151
1 170 1 174
1 184 1 382
1 211 1 378
1 218 1 342
1 219 1 223
1 288 1 291
1 289 1 292
1 328 1 383
1 345 1 349
1 365 1 933
1 394 1 514
1 427 1 431
1 460 1 542
1 490 1 494
1 499 1 945
1 511 1 536
1 517 1 536
1 606 1 610
1 607 1 611
1 618 1 676
1 623 1 710
1 625 1 657
1 631 1 635
1 659 1 1069
1 668 1 673
1 680 1 829
1 689 1 769
1 690 1 695
1 711 1 715
1 717 1 721
1 738 1 742
1 739 1 743
1 747 1 797
1 751 1 782
1 790 1 795
1 806 1 814
1 814 1 818
1 833 1 837
1 899 1 961
1 899 1 986
1 917 1 921
1 917 1 933
1 934 1 938
1 953 1 959
1 977 1 981
1 1021 1 1025
1 1030 1 1112
1 1039 1 1063
1 1044 1 1058
1 1074 1 1078
1 1089 1 1093
1 1097 1 1101
1 1113 1 1117
1 37 1 41
1 38 1 42
1 52 1 231
1 86 1 784
1 140 1 234
1 226 1 232
1 244 1 248
1 366 1 933
1 434 1 438
1 504 1 508
1 512 1 536
1 521 1 529
1 529 1 533
1 538 1 542
1 614 1 676
1 632 1 648
1 651 1 787
1 685 1 692
1 685 1 695
1 747 1 751
1 758 1 774
1 804 1 808
1 895 1 957
1 962 1 1084
1 971 1 1118
1 1044 1 1057
1 1117 1 1121
1 57 1 788
1 95 1 205
1 105 1 110
1 122 1 126
1 184 1 211
1 320 1 323
1 398 1 467
1 401 1 548
1 408 1 411
1 529 1 532
1 549 1 553
1 665 1 669
1 679 1 799
1 947 1 1063
1 954 1 959
1 1004 1 1007
1 1060 1 1064
1 60 1 150
1 63 1 67
1 76 1 650
1 81 1 367
1 93 1 781
1 116 1 263
1 169 1 173
1 177 1 227
1 236 1 245
1 252 1 256
1 400 1 407
1 599 1 602
1 662 1 778
1 719 1 722
1 766 1 770
1 774 1 778
1 922 1 925
1 964 1 1084
1 1099 1 1103
1 341 1 428
1 342 1 428
1 397 1 544
1 445 1 529
1 459 1 510
1 668 1 672
1 953 1 958
1 1023 1 1027
1 1040 1 1044
1 78 1 651
1 219 1 225
1 264 1 268
1 320 1 324
1 345 1 435
1 459 1 536
1 527 1 531
1 610 1 614
1 663 1 1066
1 668 1 671
1 1074 1 1079
1 1091 1 1100
1 1096 1 1100
1 36 1 40
1 108 1 132
1 149 1 152
1 358 1 361
1 469 1 496
1 521 1 530
1 605 1 609
1 835 1 838
1 900 1 989
1 953 1 957
1 978 1 982
1 44 1 131
1 330 1 419
1 703 1 804
1 759 1 774
1 914 1 938
1 970 1 980
1 332 1 391
1 469 1 952
1 686 1 830
1 1071 1 1080
1 112 1 259
1 115 1 125
1 123 1 127
1 319 1 323
1 393 1 417
1 400 1 410
1 495 1 944
1 513 1 517
1 513 1 540
1 533 1 537
1 812 1 816
1 45 1 134
1 133 1 234
1 265 1 269
1 364 1 932
1 465 1 496
1 657 1 782
1 802 1 821
1 887 1 892
1 963 1 987
1 188 1 204
1 226 1 229
1 447 1 450
1 915 1 1006
1 936 1 1072
1 996 1 1093
1 1119 1 1123
1 47 1 106
1 92 1 208
1 396 1 414
1 736 1 740
1 744 1 796
1 899 1 983
1 120 1 124
1 179 1 261
1 329 1 389
1 348 1 439
1 365 1 932
1 464 1 546
1 615 1 704
1 710 1 804
1 917 1 934
1 1032 1 1082
1 344 1 368
1 554 1 894
1 617 1 664
1 958 1 1055
1 1029 1 1081
1 690 1 694
1 975 1 979
1 170 1 223
1 243 1 246
1 269 1 324
1 670 1 673
1 1082 1 1106
1 1116 1 1120
1 60 1 151
1 76 1 649
1 141 1 238
1 729 1 802
1 811 1 815
1 1103 1 1107
1 62 1 66
1 81 1 363
1 401 1 545
1 469 1 492
1 626 1 713
1 630 1 720
1 719 1 723
1 112 1 256
1 169 1 431
1 797 1 821
1 79 1 362
1 80 1 362
1 348 1 352
1 425 1 520
1 721 1 725
1 836 1 839
1 1043 1 1058
1 78 1 650
1 227 1 251
1 425 1 519
1 608 1 612
1 54 1 788
1 181 1 208
1 228 1 232
1 343 1 368
1 405 1 409
1 678 1 702
1 329 1 416
1 665 1 674
1 962 1 987
1 633 1 724
1 151 1 155
1 159 1 224
1 392 1 514
1 614 1 701
1 1004 1 1008
1 397 1 410
1 112 1 125
1 325 1 329
1 353 1 356
1 436 1 440
1 754 1 781
1 111 1 129
1 623 1 712
1 923 1 926
1 796 1 802
1 806 1 815
1 922 1 926
1 911 1 995
1 1029 1 1106
1 511 1 517
1 667 1 1039
1 526 1 530
1 68 1 71
1 647 1 934
1 966 1 984
1 77 1 649
1 174 1 251
1 81 1 217
1 82 1 651
1 407 1 411
1 647 1 935
1 95 1 104
1 347 1 364
1 729 1 814
1 918 1 922
1 162 1 165
1 502 1 913
1 113 1 182
1 418 1 519
1 140 1 238
1 514 1 540
1 730 1 817
1 90 1 784
1 652 1 936
1 992 1 1093
1 1045 1 1057
1 184 1 207
1 471 1 551
1 44 1 104
1 731 1 735
1 967 1 980
1 628 1 653
1 1084 1 1110
1 149 1 153
1 366 1 937
1 436 1 441
1 324 1 328
1 366 1 502
1 338 1 427
1 1034 1 1116
1 495 1 948
1 683 1 752
1 732 1 735
1 760 1 772
1 1006 1 1011
1 242 1 246
1 621 1 660
1 624 1 1073
1 631 1 1076
1 317 1 322
1 60 1 154
1 967 1 1111
1 214 1 374
1 214 1 375
1 622 1 801
1 329 1 387
1 992 1 1092
1 373 1 496
1 89 1 780
1 117 1 264
1 955 1 958
1 707 1 808
1 340 1 371
1 913 1 938
1 627 1 713
1 426 1 523
1 614 1 674
1 1044 1 1056
1 499 1 944
1 600 1 603
1 744 1 821
1 228 1 255
1 988 1 1089
1 902 1 961
1 114 1 263
1 56 1 143
1 789 1 795
1 1081 1 1084
1 97 1 754
1 604 1 607
1 663 1 1062
1 290 1 294
1 682 1 829
1 1081 1 1106
1 137 1 238
1 443 1 520
1 967 1 1114
1 30 1 33
1 630 1 724
1 337 1 516
1 749 1 831
1 180 1 211
1 210 1 374
1 329 1 390
1 288 1 292
1 971 1 1115
1 219 1 224
1 379 1 389
1 796 1 799
1 53 1 142
1 422 1 523
1 609 1 613
1 184 1 378
1 455 1 508
1 943 1 1066
1 995 1 1093
1 89 1 784
1 1010 1 1013
1 634 1 637
1 629 1 653
1 346 1 350
1 731 1 817
1 1036 1 1063
1 345 1 436
1 721 1 726
1 898 1 953
1 799 1 825
1 397 1 541
1 229 1 255
1 350 1 357
1 682 1 826
1 10 1 13
1 1050 1 1053
1 910 1 941
1 718 1 722
1 632 1 649
1 1039 1 1066
1 352 1 356
1 451 1 455
1 364 1 933
1 93 1 780
1 137 1 235
1 437 1 440
1 968 1 1037
1 61 1 791
1 440 1 443
1 918 1 1009
1 328 1 387
1 707 1 807
1 287 1 290
1 504 1 509
1 44 1 128
1 489 1 493
1 751 1 778
1 1120 1 1124
1 408 1 412
1 798 1 825
1 1083 1 1087
1 681 1 699
1 232 1 248
1 501 1 510
1 1076 1 1079
1 78 1 83
1 329 1 413
1 433 1 437
1 152 1 155
1 221 1 224
1 363 1 368
1 459 1 543
1 336 1 376
1 210 1 378
1 572 1 575
1 759 1 772
1 903 1 994
1 63 1 154
1 113 1 262
1 446 1 450
1 711 1 808
1 57 1 143
1 345 1 439
1 630 1 721
1 444 1 517
1 98 1 102
1 626 1 710
1 618 1 709
1 911 1 1012
1 314 1 317
1 710 1 805
1 669 1 674
1 707 1 805
1 78 1 649
1 172 1 254
1 34 1 38
1 137 1 237
1 78 1 81
1 1095 1 1099
1 97 1 100
1 1091 1 1096
1 646 1 934
1 333 1 424
1 43 1 98
1 148 1 152
1 664 1 674
1 422 1 520
1 1045 1 1058
1 703 1 803
1 88 1 211
1 398 1 547
1 939 1 1069
1 806 1 811
1 173 1 219
1 648 1 653
1 742 1 824
1 610 1 672
1 895 1 956
1 1016 1 1102
1 454 1 1001
1 660 1 1069
1 204 1 208
1 710 1 808
1 341 1 425
1 44 1 105
1 380 1 390
1 904 1 995
1 802 1 818
1 1025 1 1078
1 537 1 541
1 756 1 836
1 500 1 909
1 915 1 1009
1 1027 1 1109
1 349 1 355
1 752 1 833
1 58 1 787
1 1015 1 1099
1 525 1 529
1 648 1 651
1 798 1 802
1 1044 1 1059
1 365 1 502
1 659 1 1065
1 221 1 346
1 789 1 794
1 992 1 1090
1 267 1 270
1 786 1 795
1 1017 1 1020
1 1083 1 1110
1 425 1 523
1 77 1 650
1 617 1 676
1 247 1 251
1 750 1 781
1 189 1 204
1 754 1 777
1 817 1 821
1 648 1 936
1 906 1 946
1 1012 1 1090
1 350 1 356
1 376 1 493
1 499 1 909
1 59 1 83
1 217 1 343
1 906 1 994
1 100 1 103
1 80 1 361
1 503 1 506
1 97 1 758
1 759 1 773
1 626 1 726
1 1059 1 1063
1 347 1 351
1 933 1 936
1 347 1 362
1 731 1 737
1 921 1 927
1 61 1 788
1 950 1 960
1 627 1 1073
1 446 1 532
1 174 1 225
1 813 1 817
1 159 1 225
1 51 1 91
1 469 1 948
1 107 1 129
1 921 1 928
1 84 1 214
1 614 1 698
1 756 1 759
1 834 1 838
1 896 1 982
1 884 1 887
1 506 1 916
1 958 1 1056
1 159 1 226
1 968 1 1117
1 1011 1 1090
1 93 1 754
1 48 1 139
1 1016 1 1022
1 513 1 536
1 375 1 494
1 803 1 818
1 326 1 412
1 422 1 522
1 174 1 258
1 56 1 140
1 521 1 526
1 1029 1 1113
1 974 1 1054
1 233 1 248
1 816 1 819
1 663 1 775
1 760 1 773
1 133 1 233
1 633 1 637
1 677 1 699
1 621 1 709
1 731 1 740
1 68 1 72
1 503 1 910
1 722 1 725
1 79 1 363
1 663 1 1039
1 1095 1 1100
1 457 1 539
1 716 1 1024
1 933 1 938
1 390 1 393
1 458 1 504
1 635 1 647
1 1045 1 1056
1 619 1 710
1 729 1 796
1 113 1 256
1 351 1 356
1 683 1 832
1 658 1 781
1 1010 1 1094
1 398 1 541
1 744 1 828
1 350 1 362
1 904 1 992
1 1081 1 1086
1 188 1 207
1 511 1 516
1 94 1 104
1 614 1 675
1 625 1 656
1 1039 1 1062
1 403 1 406
1 146 1 739
1 246 1 249
1 681 1 698
1 1088 1 1103
1 392 1 414
1 628 1 656
1 272 1 386
1 49 1 140
1 272 1 385
1 988 1 1088
1 334 1 425
1 661 1 778
1 161 1 223
1 363 1 366
1 1013 1 1090
1 287 1 291
1 929 1 932
1 728 1 805
1 241 1 245
1 151 1 156
1 353 1 357
1 49 1 137
1 341 1 441
1 788 1 791
1 396 1 413
1 343 1 371
1 111 1 128
1 444 1 529
1 274 1 277
1 418 1 518
1 810 1 814
1 683 1 826
1 62 1 78
1 511 1 514
1 619 1 707
1 968 1 1111
1 1016 1 1021
1 112 1 260
1 960 1 963
1 228 1 251
1 445 1 532
1 914 1 1012
1 517 1 533
1 572 1 576
1 1013 1 1087
1 41 1 127
1 689 1 770
1 266 1 270
1 747 1 828
1 158 1 235
1 1032 1 1113
1 334 1 422
1 611 1 697
1 612 1 701
1 218 1 221
1 506 1 509
1 326 1 387
1 992 1 1088
1 1016 1 1025
1 55 1 86
1 728 1 814
1 336 1 424
1 630 1 726
1 51 1 139
1 621 1 661
1 1087 1 1103
1 626 1 727
1 1040 1 1058
1 340 1 368
1 158 1 232
1 525 1 530
1 725 1 728
1 665 1 773
1 91 1 208
1 387 1 390
1 503 1 916
1 218 1 346
1 327 1 416
1 366 1 932
1 913 1 941
1 161 1 165
1 378 1 490
1 858 1 861
1 236 1 241
1 155 1 158
1 656 1 1072
1 243 1 247
1 177 1 258
1 58 1 83
1 188 1 208
1 921 1 926
1 159 1 232
1 1073 1 1076
1 65 1 76
1 949 1 959
1 798 1 821
1 911 1 1011
1 56 1 157
1 226 1 231
1 496 1 945
1 241 1 244
1 456 1 536
1 1043 1 1062
1 474 1 489
1 897 1 986
1 1083 1 1106
1 810 1 815
1 328 1 386
1 446 1 455
1 1013 1 1099
1 455 1 535
1 1013 1 1091
1 902 1 990
1 394 1 463
1 341 1 442
1 617 1 705
1 9 1 12
1 1035 1 1066
1 109 1 227
1 240 1 244
1 332 1 420
1 444 1 511
1 360 1 930
1 1007 1 1094
1 473 1 492
1 631 1 1073
1 883 1 886
1 445 1 533
1 966 1 983
1 175 1 259
1 462 1 543
1 444 1 509
1 1015 1 1102
1 730 1 818
1 160 1 244
1 744 1 795
1 504 1 912
1 58 1 789
1 910 1 938
1 1018 1 1021
1 1014 1 1099
1 730 1 813
1 625 1 1073
1 707 1 803
1 161 1 170
1 42 1 131
1 137 1 233
1 443 1 521
1 344 1 442
1 1122 1 1125
1 381 1 389
1 973 1 976
1 686 1 689
1 745 1 829
1 158 1 244
1 47 1 135
1 218 1 340
1 79 1 360
1 1101 1 1104
1 796 1 801
1 729 1 794
1 401 1 404
1 446 1 452
1 394 1 512
1 88 1 208
1 380 1 388
1 159 1 244
1 1038 1 1118
1 745 1 826
1 1014 1 1079
1 943 1 1063
1 443 1 529
1 628 1 1074
1 93 1 205
1 741 1 821
1 899 1 953
1 1098 1 1102
1 740 1 793
1 652 1 1072
1 158 1 236
1 665 1 675
1 660 1 779
1 962 1 984
1 648 1 934
1 40 1 101
1 1014 1 1087
1 1015 1 1098
1 157 1 235
1 610 1 671
1 55 1 788
1 1102 1 1106
1 161 1 247
1 944 1 1068
1 211 1 375
1 663 1 1065
1 188 1 203
1 703 1 801
1 339 1 371
1 899 1 957
1 604 1 608
1 43 1 102
1 351 1 359
1 160 1 247
1 275 1 385
1 755 1 759
1 160 1 223
1 613 1 672
1 898 1 957
1 160 1 224
1 675 1 678
1 59 1 157
1 374 1 498
1 171 1 251
1 1014 1 1081
1 679 1 748
1 661 1 775
1 105 1 108
1 165 1 170
1 898 1 956
1 1026 1 1106
1 915 1 1011
1 945 1 1064
1 81 1 362
1 629 1 727
1 329 1 383
1 946 1 1063
1 65 1 791
1 111 1 120
1 87 1 209
1 632 1 647
1 966 1 975
1 1028 1 1074
1 345 1 441
1 909 1 945
1 329 1 420
1 175 1 256
1 791 1 794
1 948 1 1060
1 161 1 167
1 1049 1 1053
1 222 1 225
1 90 1 209
1 442 1 520
1 896 1 957
1 857 1 860
1 614 1 705
1 8 1 12
1 727 1 805
1 170 1 222
1 921 1 929
1 58 1 86
1 919 1 1005
1 753 1 836
1 993 1 1089
1 156 1 235
1 444 1 510
1 906 1 991
1 1050 1 1054
1 728 1 806
1 118 1 121
1 857 1 861
1 625 1 653
1 900 1 991
1 396 1 405
1 954 1 1057
1 68 1 73
1 729 1 795
1 162 1 223
1 382 1 389
1 51 1 136
1 349 1 435
1 1007 1 1011
1 660 1 1066
1 459 1 535
1 44 1 98
1 758 1 773
1 96 1 777
1 443 1 517
1 217 1 371
1 657 1 779
1 899 1 990
1 418 1 516
1 909 1 941
1 688 1 691
1 376 1 497
1 647 1 936
1 628 1 1072
1 492 1 947
1 160 1 248
1 661 1 782
1 1037 1 1113
1 749 1 825
1 445 1 528
1 108 1 128
1 60 1 156
1 437 1 441
1 138 1 234
1 728 1 802
1 894 1 956
1 43 1 101
1 1043 1 1063
1 441 1 520
1 159 1 223
1 95 1 103
1 706 1 803
1 1014 1 1103
1 743 1 789
1 219 1 342
1 177 1 219
1 64 1 150
1 502 1 941
1 1014 1 1080
1 49 1 132
1 95 1 105
1 393 1 413
1 465 1 500
1 351 1 362
1 613 1 668
1 339 1 375
1 863 1 866
1 165 1 169
1 62 1 791
1 634 1 720
1 440 1 524
1 1013 1 1094
1 729 1 805
1 215 1 225
1 160 1 243
1 62 1 79
1 624 1 656
1 1011 1 1094
1 942 1 1064
1 740 1 820
1 1050 1 1055
1 920 1 932
1 223 1 226
1 975 1 1055
1 91 1 205
1 460 1 541
1 528 1 532
1 750 1 832
1 580 1 583
1 735 1 740
1 77 1 651
1 444 1 520
1 902 1 953
1 670 1 1129
1 54 1 785
1 974 1 1055
1 152 1 239
1 614 1 672
1 45 1 136
1 180 1 215
1 1136 1 1139
1 730 1 794
1 376 1 490
1 681 1 690
1 374 1 495
1 1046 1 1130
1 648 1 1072
1 167 1 250
1 873 1 876
1 333 1 392
1 428 1 436
1 480 1 483
1 502 1 937
1 1025 1 1105
1 28 1 31
1 419 1 519
1 679 1 797
1 437 1 524
1 504 1 913
1 906 1 942
1 156 1 239
1 954 1 1058
1 429 1 441
1 350 1 361
1 134 1 234
1 731 1 793
1 988 1 1086
1 690 1 770
1 443 1 524
1 382 1 385
1 445 1 509
1 188 1 205
1 44 1 135
1 673 1 771
1 667 1 670
1 946 1 1067
1 950 1 961
1 393 1 418
1 336 1 421
1 473 1 488
1 136 1 235
1 161 1 222
1 162 1 222
1 944 1 1065
1 690 1 769
1 1014 1 1091
1 464 1 540
1 613 1 671
1 735 1 739
1 165 1 222
1 621 1 657
1 332 1 383
1 90 1 781
1 603 1 607
1 386 1 389
1 669 1 773
1 621 1 706
1 87 1 216
1 899 1 960
1 330 1 391
1 480 1 485
1 531 1 534
1 619 1 702
1 395 1 466
1 152 1 156
1 964 1 1082
1 161 1 166
1 162 1 221
1 726 1 805
1 158 1 224
1 963 1 983
1 806 1 818
1 441 1 524
1 1009 1 1012
1 467 1 543
1 158 1 239
1 345 1 442
1 421 1 520
1 611 1 672
1 161 1 224
1 502 1 933
1 903 1 988
1 899 1 959
1 676 1 680
1 680 1 755
1 634 1 724
1 154 1 157
1 900 1 988
1 446 1 508
1 955 1 959
1 385 1 389
1 732 1 793
1 89 1 213
1 958 1 1057
1 646 1 935
1 974 1 1056
1 725 1 809
1 624 1 1070
1 999 1 1011
1 44 1 102
1 226 1 255
1 666 1 774
1 1015 1 1103
1 501 1 509
1 915 1 1012
1 1 1 4
1 917 1 932
1 1049 1 1057
1 636 1 645
1 518 1 533
1 86 1 787
1 187 1 381
1 97 1 753
1 48 1 133
1 286 1 290
1 956 1 959
1 65 1 77
1 963 1 988
1 532 1 536
1 66 1 76
1 450 1 455
1 669 1 772
1 835 1 839
1 144 1 156
1 989 1 1089
1 54 1 784
1 175 1 227
1 972 1 975
1 673 1 772
1 418 1 514
1 217 1 363
1 429 1 523
1 96 1 757
1 1050 1 1056
1 1016 1 1078
1 66 1 77
1 286 1 291
1 728 1 794
1 1121 1 1125
1 217 1 367
1 1081 1 1110
1 54 1 143
1 1045 1 1048
1 45 1 133
1 500 1 510
1 1033 1 1109
1 609 1 671
1 1008 1 1011
1 1014 1 1090
1 617 1 668
1 722 1 726
1 786 1 794
1 955 1 1057
1 1015 1 1079
1 462 1 540
1 446 1 509
1 227 1 254
1 714 1 726
1 507 1 510
1 60 1 157
1 636 1 647
1 1105 1 1110
1 74 1 360
1 51 1 87
1 425 1 441
1 722 1 809
1 946 1 1060
1 984 1 1085
1 724 1 727
1 630 1 727
1 450 1 454
1 603 1 606
1 1133 1 1136
