1 #Res1 1 #Res2
1 929 1 932
1 274 1 277
1 65 1 71
1 360 1 930
1 69 1 72
1 188 1 203
1 351 1 359
1 68 1 73
1 64 1 71
1 203 1 279
1 473 1 488
1 66 1 76
1 955 1 1057
1 23 1 26
1 99 1 195
1 99 1 202
1 99 1 203
1 100 1 195
1 100 1 202
1 101 1 195
1 101 1 196
1 102 1 195
1 103 1 195
1 103 1 200
1 103 1 202
1 119 1 200
1 189 1 201
1 189 1 202
1 189 1 203
1 190 1 193
1 190 1 201
1 190 1 202
1 190 1 203
1 193 1 201
1 193 1 202
1 194 1 198
1 194 1 199
1 194 1 200
1 194 1 201
1 194 1 202
1 195 1 198
1 195 1 200
1 195 1 201
1 195 1 202
1 308 1 311
1 316 1 483
1 384 1 480
1 384 1 487
1 385 1 480
1 386 1 480
1 386 1 481
1 387 1 480
1 388 1 480
1 388 1 487
1 404 1 485
1 405 1 485
1 474 1 486
1 474 1 487
1 474 1 488
1 475 1 486
1 475 1 487
1 475 1 488
1 478 1 486
1 478 1 487
1 479 1 483
1 479 1 484
1 479 1 485
1 479 1 486
1 479 1 487
1 601 1 604
1 644 1 927
1 645 1 927
1 760 1 763
1 763 1 771
1 763 1 772
1 764 1 770
1 764 1 771
1 764 1 772
1 844 1 847
1 878 1 881
1 879 1 882
1 921 1 924
1 1049 1 1054
1 1049 1 1056
1 103 1 201
1 388 1 485
1 579 1 582
1 646 1 927
1 646 1 928
1 384 1 488
1 388 1 486
1 385 1 481
1 120 1 200
1 639 1 645
1 470 1 488
1 24 1 27
1 185 1 203
1 559 1 562
1 638 1 645
1 21 1 24
1 635 1 645
1 102 1 196
1 600 1 604
1 66 1 75
1 321 1 482
1 36 1 197
1 316 1 484
1 886 1 1053
1 295 1 298
1 639 1 644
1 875 1 880
1 33 1 197
1 20 1 25
1 29 1 32
1 316 1 482
1 670 1 766
1 404 1 486
1 764 1 769
1 1135 1 1138
1 387 1 481
1 644 1 928
1 305 1 310
1 579 1 583
1 635 1 638
1 385 1 487
1 639 1 643
1 195 1 844
1 878 1 882
1 303 1 310
1 388 1 488
1 120 1 199
1 671 1 766
1 100 1 844
1 20 1 24
1 351 1 361
1 119 1 199
1 875 1 879
1 301 1 403
1 385 1 479
1 103 1 203
1 193 1 847
1 119 1 201
1 294 1 297
1 301 1 404
1 643 1 927
1 636 1 639
1 873 1 880
1 193 1 848
1 405 1 484
1 192 1 201
1 36 1 196
1 295 1 299
1 844 1 848
1 300 1 403
1 192 1 849
1 559 1 563
1 318 1 482
1 477 1 486
1 303 1 484
1 886 1 1052
1 95 1 203
1 389 1 488
1 672 1 768
1 861 1 864
1 603 1 767
1 37 1 197
1 104 1 203
1 765 1 771
1 862 1 865
1 191 1 201
1 315 1 483
1 1131 1 1136
1 476 1 486
1 404 1 484
1 606 1 767
1 359 1 931
1 860 1 864
1 861 1 865
1 585 1 769
1 315 1 482
1 670 1 765
1 607 1 768
1 102 1 200
1 299 1 311
1 559 1 566
1 672 1 766
1 929 1 934
1 559 1 565
1 67 1 75
1 585 1 770
1 100 1 845
1 928 1 934
1 196 1 844
1 68 1 75
1 765 1 772
1 560 1 566
1 590 1 594
1 321 1 481
1 586 1 769
1 302 1 484
1 305 1 309
1 322 1 482
1 30 1 198
1 301 1 484
1 765 1 1127
1 558 1 566
1 694 1 768
1 766 1 1127
1 585 1 689
1 761 1 845
1 30 1 197
1 192 1 848
1 593 1 596
1 99 1 201
1 671 1 765
1 600 1 767
1 301 1 310
1 557 1 560
1 765 1 770
1 924 1 929
1 296 1 311
1 593 1 597
1 841 1 845
1 669 1 765
1 299 1 310
1 584 1 689
1 193 1 849
1 590 1 595
1 594 1 597
